Geneid	sample_01_mapped.bam	sample_02_mapped.bam	sample_03_mapped.bam	sample_04_mapped.bam	sample_05_mapped.bam	sample_06_mapped.bam	sample_07_mapped.bam	sample_08_mapped.bam	sample_09_mapped.bam	sample_10_mapped.bam	sample_11_mapped.bam	sample_12_mapped.bam	sample_13_mapped.bam	sample_14_mapped.bam
Gm22463	88	99	149	52	84	59	79	57	48	46	169	114	17	22
Gm23358	0	2	0	2	1	1	0	1	0	1	0	1	0	0
Gm24276	75	99	204	93	107	69	132	65	102	77	134	132	31	43
mmu-mir-6341	1	0	0	0	0	0	1	0	0	0	0	0	0	0
AC121538.1	0	1	0	0	1	0	0	0	0	0	0	0	0	0
Gm22616	75	83	146	41	77	44	74	49	41	39	153	106	19	17
Gm25568	996	1424	1442	461	2660	1877	2744	1708	1397	1326	3506	3470	515	461
Mir206	6096	12218	2546	648	16915	13654	15762	32912	9342	14703	5691	2252	1550	2402
Mir133b	8061	9068	2536	805	16360	9050	13987	34552	6942	12161	5365	1840	1367	2428
Mir30a	76207	91370	44535	9805	154742	107034	119741	198381	60169	115598	40045	16606	18389	30915
Mir30c-2	14746	14668	9203	1962	46393	22818	19005	30317	8444	19033	8624	2218	3882	6584
Gm22679	51	77	54	15	130	65	148	92	90	66	138	184	27	25
Gm23785	537	775	814	268	1303	937	1426	721	714	581	2012	1969	273	218
mmu-mir-6342	0	0	0	0	1	0	0	0	0	0	0	0	0	0
Gm23771	0	3	1	1	0	1	0	0	0	0	0	0	0	0
AC132241.1	22	17	16	4	9	4	7	2	5	3	14	11	4	1
Mir5103	6	7	1	0	9	4	3	4	9	2	3	1	2	3
mmu-mir-6897	0	1	0	0	0	1	1	0	1	2	1	1	1	0
mmu-mir-6898	1	0	1	0	1	3	0	0	0	0	0	2	0	0
Gm24133	16	8	5	0	9	11	26	23	6	4	1	2	1	2
mmu-mir-6349	0	0	0	0	0	0	0	0	0	0	0	0	0	0
Gm24001	0	0	1	1	0	0	2	1	2	1	0	1	0	0
Gm24180	2	1	1	1	0	0	0	1	0	0	0	1	0	0
mmu-mir-6350	0	0	0	0	1	0	1	0	0	0	0	0	0	0
Gm22419	88	110	114	71	79	62	58	37	32	35	140	89	15	27
Gm22693	0	0	0	0	1	0	0	1	0	0	0	0	0	0
Gm25736	70	84	96	27	66	46	52	37	35	35	101	87	16	13
Gm25240	994	1458	1734	469	1113	779	897	549	640	530	1945	1665	328	299
mmu-mir-7681	2	0	1	0	0	0	0	0	0	0	1	0	0	0
Gm24053	3	9	4	1	3	3	3	1	1	2	6	10	0	1
Gm23943	60	81	107	59	64	45	52	30	22	23	116	82	7	22
Gm23762	5	9	6	0	3	6	4	1	4	3	7	9	2	1
Gm23611	1100	1731	2060	602	1297	900	946	591	724	640	2303	1989	334	374
Gm24513	0	0	0	0	0	0	0	0	0	0	0	0	0	0
mmu-mir-6899	6	12	4	1	7	8	5	7	5	6	7	1	0	5
Gm25748	1	1	1	0	0	0	1	0	1	1	1	1	0	0
Gm22548	81	87	66	5	65	60	55	32	39	35	101	95	14	28
Gm23189	87	104	147	55	91	63	73	50	52	47	168	112	23	26
mmu-mir-6351	0	0	0	0	0	0	0	0	0	0	0	1	0	0
Mir1928	399	378	112	19	50	52	605	191	263	154	21	34	56	68
Mir26b	83637	86762	33374	8558	176178	125155	134264	227344	69407	129488	62987	20281	19730	32312
Gm25035	184	319	228	31	261	202	161	112	151	129	457	438	57	73
Mir375	502	449	95	16	1250	385	887	1437	341	470	217	61	64	89
AC166150.1	0	0	2	0	0	0	0	0	0	0	0	0	0	0
mmu-mir-6343	0	0	0	0	0	0	2	0	0	0	0	0	0	0
mmu-mir-6352	0	0	1	0	0	0	1	0	0	0	0	0	0	0
AC166333.1	480	712	723	221	1166	833	1277	676	680	553	1720	1735	249	195
mmu-mir-6344	0	0	0	0	0	0	0	0	0	0	0	0	0	0
Gm22112	88	112	114	67	81	64	59	38	30	35	138	93	13	28
Gm22396	1	0	1	0	0	0	0	0	1	0	0	1	0	0
Gm25754	70	91	84	49	59	49	36	34	19	28	111	75	8	20
mmu-mir-6353	0	0	1	0	0	0	0	1	0	1	0	0	0	0
Mir5126	8	27	9	1	11	17	16	7	18	17	41	79	4	1
AC167036.1	35	40	99	27	35	25	39	9	19	24	52	63	9	17
mmu-mir-8096	0	0	0	0	0	1	1	0	0	2	0	0	0	0
Gm25472	591	860	559	83	851	502	593	399	476	394	856	810	152	207
Gm22955	0	0	0	0	0	0	0	0	0	0	0	0	0	0
Gm25198	1	1	1	1	0	1	0	0	0	1	0	1	0	0
mmu-mir-6900	17	21	3	2	19	10	10	19	12	19	7	4	4	3
Mir149	1052	1131	298	94	1211	1009	755	1002	611	779	450	224	247	379
mmu-mir-6901	2	3	0	0	6	12	3	8	1	6	6	0	0	1
mmu-mir-6345	0	0	0	0	0	0	0	0	0	0	0	0	0	0
Gm24586	781	1220	1261	385	2002	1411	2207	1146	1121	945	2982	3036	429	325
Gm22917	1	2	1	1	0	1	0	0	0	0	0	1	0	0
Gm26134	0	1	1	1	0	1	0	0	0	0	0	0	0	0
Gm25537	0	2	1	0	1	1	0	0	0	0	0	1	0	0
Gm25003	453	630	611	194	1018	741	1205	597	566	468	1609	1658	231	173
Gm22426	14	14	29	16	11	12	5	12	15	8	17	14	5	3
mmu-mir-3473f	210	246	285	60	204	128	167	120	142	88	285	234	54	72
Gm23393	81	113	166	54	123	65	103	58	47	55	142	82	30	27
AC112986.1	3	3	1	2	0	1	2	2	1	3	1	1	0	1
mmu-mir-6346	0	0	1	0	0	1	0	0	0	0	0	0	0	0
Gm22610	281	381	347	108	631	449	725	363	359	280	984	1029	142	112
Gm24397	261	370	341	97	628	447	718	363	371	283	924	997	137	101
Mir128-1	2306	3585	992	294	3748	3506	1743	3538	1377	2560	2215	429	578	1096
Gm24273	1	1	0	0	0	0	1	0	1	1	2	2	0	0
Mir135b	77	79	49	9	18	32	176	34	46	20	30	19	12	22
mmu-mir-6903	1	0	3	0	2	1	1	5	0	1	0	0	0	1
Gm22232	686	990	1082	361	1654	1194	1810	898	899	729	2592	2523	342	285
Gm23720	0	0	1	0	2	1	1	1	0	1	2	0	0	1
Gm22132	52	59	100	33	62	45	49	37	40	28	107	84	11	13
Mir181a-1	17201	17320	5497	1398	56195	22246	28572	40776	10853	20948	10715	2622	2759	5504
Mir181b-1	5350	5830	2729	769	21833	9263	10422	15452	5128	9127	4433	1274	1266	2291
Gm25708	81	96	139	47	75	48	69	50	42	41	157	109	16	20
mmu-mir-8114	1	2	7	4	40	31	24	37	18	27	11	17	0	0
Gm22569	1062	1679	1792	503	1215	819	908	551	683	576	2165	1899	319	334
Mir488	1	3	1	0	3	1	2	1	1	0	2	1	1	0
Gm26472	466	674	585	169	1128	811	1267	689	667	540	1530	1662	238	177
Mir1927	3	3	3	0	3	3	0	1	3	5	2	3	4	2
Mir199a-2	70242	69739	37853	9933	203432	169741	145850	240710	99538	191429	40883	21034	21074	33868
Mir214	1076	1266	924	233	4543	4457	2623	3740	2843	4591	779	925	534	977
AC132867.1	0	2	7	0	1	0	3	3	2	2	4	3	0	0
Gm26042	102	135	100	29	175	122	201	132	167	98	221	244	53	35
Gm22992	89	109	116	66	75	59	56	36	32	34	145	85	15	28
mmu-mir-6347	0	0	0	0	0	0	1	0	0	0	0	0	0	0
Gm25911	3508	7871	9444	6046	6999	3420	5722	3970	4576	3645	14637	11087	1766	3110
AC096625.1	0	1	0	0	1	0	0	0	0	0	0	1	0	0
mmu-mir-6348	0	0	0	0	0	0	0	0	0	0	0	0	0	0
mmu-mir-6354	0	2	0	0	0	0	0	0	0	0	0	0	0	0
mmu-mir-6546	2	1	7	2	0	6	2	0	5	3	0	1	2	2
AC117796.1	2	1	7	2	0	6	2	0	5	3	0	1	2	2
AC117796.2	2	1	7	2	0	6	2	0	5	3	0	1	2	2
mmu-mir-7683	0	0	0	0	0	0	0	0	0	1	0	0	0	0
Mir350	261	260	249	47	388	277	509	430	271	371	177	214	77	141
Gm25993	0	0	0	0	0	0	0	0	0	0	0	0	0	0
AC170257.1	1	1	0	0	0	1	2	0	1	0	0	1	0	0
mmu-mir-6904	1	0	1	0	1	0	2	2	0	0	3	0	0	1
Mir1981	106	140	94	15	201	207	115	147	103	144	83	64	27	46
Mir194-1	1240	855	531	109	2421	885	2196	2143	1071	1023	341	108	220	307
Mir215	38	39	13	3	38	21	30	37	22	29	10	10	8	9
Gm24557	672	963	964	310	1822	1293	1841	1219	949	949	2273	2216	346	315
Gm24092	86	107	111	61	75	57	53	35	30	32	138	84	13	28
Mir3473c	75	72	96	20	74	43	73	43	40	31	91	70	22	22
Mir205	155734	116851	81190	18858	313829	209713	198498	266966	125970	175858	62273	22730	38106	64264
Mir3962	4	6	2	0	4	4	5	5	2	4	0	2	1	3
Mir29b-2	2146	1414	550	158	1666	1976	2053	2938	901	1751	426	261	340	542
Mir29c	22773	17915	10433	2278	24386	25240	24527	35408	11861	20622	7457	3577	4008	7068
Gm24802	87	107	107	64	76	58	46	36	25	29	131	89	11	25
Gm24482	278	401	369	107	672	482	769	405	409	322	944	1005	145	107
Mir5104	3	5	1	0	1	0	1	1	3	3	1	1	0	0
Gm22194	1131	1603	1661	570	2917	2076	3015	1827	1545	1440	4002	3869	571	501
mmu-mir-6413	2	0	0	0	0	0	1	0	0	0	3	1	0	0
mmu-mir-7663	0	0	0	0	1	0	0	0	0	1	2	0	0	1
Gm23051	1027	1507	1585	510	2538	1806	2768	1396	1396	1130	3849	3844	530	422
mmu-mir-6905	0	0	0	1	0	1	2	1	0	0	0	0	0	0
Gm22566	25	22	25	4	9	23	15	6	7	5	18	19	10	5
AC091763.1	1451	2096	2381	667	1816	1148	1357	915	978	896	2624	2271	421	462
Gm22370	97	109	126	33	203	103	268	247	255	189	97	109	41	69
Gm24710	75	87	135	43	74	49	61	51	41	40	150	91	16	17
Mir3473b	144	160	187	55	137	82	129	75	82	58	184	152	37	47
Mir1929	4	1	3	0	6	3	8	5	7	6	0	1	2	2
Gm24271	265	391	640	150	405	198	354	327	345	281	334	298	69	120
Gm23766	637	754	1997	943	997	604	1351	1007	957	885	575	491	184	394
AC153847.1	19	12	9	3	8	3	4	1	2	3	9	8	2	0
AC121988.1	0	0	0	0	0	0	0	0	0	0	0	0	0	0
Gm24084	3	4	0	0	3	0	2	0	0	2	2	3	0	0
AC153944.1	12	28	11	4	10	9	13	4	1	7	29	53	3	2
Gm22117	10	4	7	0	6	4	13	2	15	7	6	6	2	0
Gm23488	596	893	824	237	1486	1053	1616	892	883	700	2051	2151	314	235
mmu-mir-6408	0	0	0	0	0	0	0	0	0	0	0	0	0	0
Mir466j	355	523	578	189	856	622	925	462	468	393	1390	1312	181	147
Mir5108	0	0	0	0	0	0	0	0	0	0	0	0	0	0
mmu-mir-7662	0	0	0	0	0	0	0	0	0	0	0	0	0	0
mmu-mir-6409	0	0	0	0	0	0	0	0	0	0	0	0	0	0
Mir678	0	0	0	0	0	0	0	0	0	0	1	1	0	0
Gm22441	493	698	680	200	1232	854	1349	707	700	546	1724	1833	254	206
Mir1930	9	2	5	0	12	5	8	10	8	8	5	1	3	5
mmu-mir-7659	0	0	0	0	2	0	0	1	1	0	3	0	1	0
mmu-mir-6907	0	1	2	2	1	2	1	1	3	0	0	2	0	1
mmu-mir-6410	0	0	0	0	0	0	0	0	0	0	0	0	0	0
mmu-mir-6908	0	0	0	0	0	1	0	1	0	1	0	0	0	0
AC025913.1	0	1	0	0	0	0	0	0	0	0	0	0	0	0
mmu-mir-6909	0	1	1	0	1	2	1	2	1	0	2	1	0	2
mmu-mir-6910	1	0	0	0	1	1	0	0	0	0	0	0	0	1
mmu-mir-6911	8	15	4	2	10	9	6	9	7	8	4	1	2	0
Gm22721	0	0	0	1	0	0	0	0	0	0	0	0	0	2
mmu-mir-6912	0	1	1	0	1	0	0	2	1	1	0	0	0	0
Mir1982	5	5	3	0	10	4	4	10	4	5	6	1	3	3
Gm23367	9	13	13	4	11	12	16	15	10	14	4	3	6	6
Mir3057	4	5	9	4	8	7	5	8	4	9	1	0	2	5
mmu-mir-6913	1	0	0	1	1	1	2	4	2	0	0	0	0	0
Gm25595	3	12	16	2	6	5	4	3	4	3	9	8	2	2
AC100386.1	58	51	46	9	38	34	56	25	34	26	37	42	15	20
Gm25281	1	1	0	2	1	0	2	2	0	0	2	2	1	0
Gm25745	9	17	8	8	8	10	7	3	6	5	14	8	4	3
Gm24093	486	648	682	197	1103	791	1206	596	643	509	1629	1662	241	178
Mir135a-2	77	80	51	9	19	32	180	34	46	19	30	20	17	22
Mir1251	0	0	0	0	0	0	0	0	0	0	0	0	0	0
Gm22582	6	10	17	3	6	7	3	4	12	4	10	6	2	2
Mir1931	23	25	13	7	12	3	15	5	11	5	10	16	6	8
mmu-mir-7688	0	0	0	0	30	49	0	26	0	28	0	0	0	0
Mir331	140	135	74	14	324	223	348	311	189	239	98	93	34	83
mmu-mir-7211	0	0	2	1	0	0	1	0	0	0	0	0	0	0
Mir3058	5	4	0	2	1	1	1	1	1	2	1	0	1	1
Gm22913	83	97	139	49	75	54	74	53	43	41	152	107	16	19
Gm24587	2	5	4	0	7	8	5	3	2	4	7	9	2	1
Gm22918	1	2	1	3	0	1	1	1	0	2	1	1	0	0
Gm25287	1	2	1	3	0	1	1	1	0	2	1	1	0	0
Mir3059	0	0	0	1	0	0	0	1	0	0	0	0	0	0
mmu-mir-6411	0	0	0	0	0	0	0	1	0	0	0	0	0	0
Gm25591	199	268	167	20	394	192	271	187	206	181	229	209	54	91
Gm25190	1281	1900	2144	631	1685	1052	1262	843	914	809	2379	2012	396	432
Gm26260	607	885	950	309	1480	1051	1620	814	816	667	2266	2265	313	249
Mir763	0	0	0	0	1	0	0	0	0	0	0	0	0	0
Gm23632	975	1413	1536	413	1126	723	877	553	633	557	1882	1619	296	302
Gm24330	59	75	35	9	60	52	45	26	43	21	84	69	20	13
mmu-mir-6412	28	39	19	2	78	22	35	40	35	37	58	39	7	11
mmu-mir-8104	0	0	0	2	0	0	0	0	0	0	1	0	0	0
Mirlet7i	110876	121569	70145	18307	173155	165415	143538	198349	93016	156133	46236	23473	30344	48387
AC158802.1	1	0	4	0	1	1	2	0	0	0	7	2	0	1
Gm22183	12	22	11	1	10	11	14	9	14	8	11	16	5	3
mmu-mir-378d	1	6	2	1	4	0	1	2	4	3	0	0	1	0
Mir26a-2	111737	110097	43767	11287	220276	161248	164029	302284	84995	169354	73888	23633	25391	41711
Mir546	4	2	2	1	2	0	5	0	1	1	9	4	1	0
Gm26308	0	1	0	0	0	0	0	0	0	0	0	0	0	0
mmu-mir-6914	3	1	3	0	7	1	3	4	2	3	0	0	0	0
Gm25361	15	24	10	6	42	20	31	19	20	15	36	42	4	6
mmu-mir-8105	4	3	1	0	1	0	2	3	0	1	0	0	0	0
mmu-mir-6916	0	0	1	0	1	1	0	0	0	1	0	0	0	0
mmu-mir-6917	0	4	0	1	1	0	0	1	0	0	0	1	0	1
Gm23252	2	2	1	2	0	1	1	2	0	2	1	2	0	0
Gm24485	50	56	102	33	56	43	49	38	32	28	106	70	12	18
Gm26445	26	46	90	31	11	22	8	5	20	9	33	35	11	8
Mir3060	4	7	4	1	19	17	10	16	3	8	3	0	1	1
mmu-mir-6918	0	2	0	0	2	2	0	0	0	0	2	0	0	0
mmu-mir-7651	0	1	1	0	0	0	1	1	0	2	1	1	0	0
Gm22123	1	1	4	0	1	2	0	0	4	0	3	2	1	0
Gm22801	16	8	22	2	5	13	5	6	5	4	9	8	4	1
Gm24714	212	349	490	125	263	152	233	201	208	188	271	235	50	100
Gm23681	1561	2329	2638	753	1959	1275	1464	914	1049	948	2915	2530	469	500
Mir1933	5	7	2	0	13	12	9	16	12	10	2	2	4	2
Gm22990	382	561	558	173	948	668	1051	537	542	428	1398	1440	198	156
Gm25507	0	0	0	0	0	0	1	0	0	0	1	0	0	0
mmu-mir-6372	0	0	0	0	0	0	0	0	0	0	0	0	0	0
Mir216b	1	1	1	0	3	2	16	1	8	1	5	0	0	1
Mir216a	0	1	2	1	1	0	12	1	14	1	1	2	1	1
Mir217	2	3	5	0	4	1	44	1	27	1	16	4	0	1
Mir218-2	3598	4062	1967	458	5902	5414	6843	6768	4166	5467	2095	1174	1147	1935
Mir103-1	19851	16519	10494	1772	31976	17303	22539	31753	14881	19486	5017	2356	3922	5532
Gm25693	214	268	231	61	476	316	527	278	299	225	583	689	103	71
Mir146	8069	9279	5046	1266	10366	9688	11227	12910	6668	9205	2754	1683	2176	3655
Gm22121	4	1	1	1	1	0	7	0	0	0	0	0	0	0
Gm22751	23	39	79	32	7	20	8	6	17	13	26	28	11	9
mmu-mir-8100	0	0	0	0	0	0	1	0	0	0	0	0	0	0
mmu-mir-7239	0	0	0	0	0	1	0	1	2	0	0	0	0	0
Gm23813	44	60	33	3	44	34	35	20	30	23	74	60	14	20
Gm23492	241	422	409	115	693	447	722	430	394	349	927	998	141	111
Mir340	19544	20477	5238	1280	5528	13099	5963	10667	5944	11335	1903	1558	3045	4336
mmu-mir-6919	0	2	0	0	1	0	0	2	0	2	0	0	0	0
Mir804	0	0	0	0	0	0	0	0	0	0	0	0	0	0
Gm24157	10	14	21	8	5	8	12	6	4	10	24	12	2	3
Mir3061	10	4	1	0	14	11	6	4	5	5	2	1	1	4
mmu-mir-7671	0	0	0	0	0	0	0	0	0	0	2	1	0	0
Gm26116	109	192	118	12	152	112	105	55	80	66	244	248	37	39
mmu-mir-7652	2	1	3	1	1	2	0	2	2	2	1	0	1	1
Gm24756	505	737	454	62	765	449	548	369	437	351	697	689	125	176
mmu-mir-6921	1	4	0	0	0	0	0	6	1	0	0	0	0	0
mmu-mir-6922	1	1	2	1	7	4	3	8	1	2	3	1	0	2
AL596090.1	0	0	0	0	1	0	0	0	2	0	0	1	0	0
Mir5100	36	40	17	2	42	20	30	17	34	27	121	120	8	16
Gm24275	0	0	0	0	0	0	0	0	0	0	0	0	0	0
Gm25991	430	508	1351	705	575	395	937	644	590	554	309	248	123	273
Mir744	3354	4090	2051	477	8385	5551	3781	4922	2974	4560	1987	969	1130	2056
mmu-mir-6923	0	0	0	0	0	2	1	0	0	1	0	0	0	1
mmu-mir-6406	0	0	0	0	0	0	0	0	0	0	0	0	0	0
Mir3062	0	0	0	1	2	0	0	3	1	2	1	1	0	0
AL596125.1	147	156	148	19	135	91	188	97	101	82	148	145	33	48
Mir467f	38	49	28	16	101	48	98	70	48	46	102	130	21	19
Mir1934	43	44	31	9	40	27	34	26	25	24	25	30	14	11
Mir324	165	151	58	12	377	253	338	448	196	256	78	40	43	76
Mir497	805	430	196	49	1425	739	1626	1752	719	976	379	165	94	174
Mir195	5108	4639	2700	508	10620	5307	10838	11346	5180	5605	1809	941	928	1553
mmu-mir-7115	6	6	3	0	3	1	2	2	1	3	3	0	0	1
Gm22760	7	24	45	17	22	11	8	17	16	5	23	20	3	5
mmu-mir-6338	0	0	0	0	0	0	0	0	0	0	0	0	0	0
Gm25678	5	8	6	0	9	6	10	8	6	6	5	9	3	2
mmu-mir-6926	0	0	0	0	0	0	2	0	0	1	1	0	1	0
Mir212	33	30	22	3	21	52	18	28	30	41	5	11	9	20
Mir132	247	276	147	29	166	254	68	156	187	243	36	53	75	137
Mir22	41572	52164	14770	4756	56400	72959	31631	50413	26795	64349	14685	7408	9983	23531
Mir3971	0	0	0	0	0	0	1	0	0	0	0	0	0	0
Mir423	3482	4230	2113	560	5842	5309	2708	4750	2599	4683	1485	624	1076	1812
Mir144	2027	2239	328	80	223	590	1226	548	984	797	122	72	214	351
Mir451	8247	9139	2236	487	1086	1454	6161	2456	3563	2790	944	908	1088	1691
mmu-mir-7653	1	4	0	2	6	1	3	2	3	2	6	2	0	0
Gm23840	3509	4254	8446	1524	4539	2099	4333	2425	2496	1693	2722	2379	910	998
Mir193	108	88	40	12	222	103	174	144	75	107	57	36	18	31
Mir365-2	1468	1319	1970	448	5793	2131	3585	4752	1423	2426	1596	636	514	673
mmu-mir-7679	0	2	2	0	2	2	0	0	0	1	0	0	0	4
AL603745.1	0	2	2	0	1	2	0	0	0	0	0	0	0	3
Gm23564	0	6	0	0	1	0	0	0	0	0	0	0	0	0
Mir5110	0	0	1	0	0	0	0	1	0	0	0	1	0	0
Mir21	324266	539958	304645	58256	84279	568447	118490	111720	396805	432543	49470	146507	120001	201202
Mir301	104	94	61	10	93	191	75	127	75	136	21	18	27	49
Mir142	29616	22880	7045	1455	3423	10267	4131	5183	6684	8542	931	1142	3417	5471
Mir378b	451	832	167	59	1136	962	975	1458	575	887	482	235	117	215
Gm22702	3	3	2	0	1	1	0	1	0	2	0	0	0	1
Mir3063	0	1	0	0	0	0	0	0	0	0	0	0	0	0
Mir196a-1	37	17	8	4	9	8	12	2	13	6	4	2	5	4
Mir10a	23655	26089	16623	3507	49923	28639	31725	52809	17118	31278	14939	5346	5829	9058
Mir152	11984	14472	5104	1271	38887	20031	42057	43980	18333	25148	9338	3851	3331	4927
mmu-mir-8103	4	3	0	0	1	0	0	2	1	2	3	2	1	2
mmu-mir-7235	1	0	0	0	0	0	1	0	0	0	0	1	0	0
Gm24158	0	0	0	0	0	0	0	0	0	0	0	0	0	0
mmu-mir-6927	0	0	0	0	0	0	1	0	0	0	0	0	0	1
mmu-mir-8102	1	1	0	1	0	0	1	0	0	0	1	0	0	0
Gm22461	2	2	1	0	0	0	0	1	2	1	0	1	0	1
AL591209.1	31	32	93	22	30	23	36	9	19	23	43	60	8	13
AL591205.1	163	237	185	37	138	94	151	74	104	73	259	262	29	36
Mir5119	1	1	1	0	0	0	0	0	0	0	0	0	0	0
AL590968.1	5	5	1	0	8	5	5	3	8	3	26	17	1	2
mmu-mir-6928	4	6	3	2	4	4	3	4	3	5	5	2	1	3
Gm24209	18	28	31	0	8	24	33	17	14	9	26	22	8	15
Gm25593	26	48	73	20	31	16	31	13	18	11	53	53	4	10
mmu-mir-6929	1	2	1	0	1	1	1	4	0	0	3	1	0	0
mmu-mir-8101	0	2	1	0	1	0	4	1	2	0	1	2	0	2
mmu-mir-6930	0	0	0	0	0	0	0	1	0	0	0	0	0	0
Gm22920	1	5	5	1	2	3	2	3	5	0	4	4	0	1
mmu-mir-6931	0	0	0	0	0	1	0	0	0	0	1	0	0	0
Gm23990	15	24	11	9	38	21	42	38	50	30	20	21	10	13
Mir3064	16	26	42	9	23	30	36	22	20	25	33	18	3	2
Gm25994	2	3	9	2	8	1	8	2	2	1	17	6	0	5
AL593847.1	6	12	7	0	4	6	11	6	4	5	9	8	3	5
mmu-mir-6932	2	2	0	0	4	4	4	1	2	6	1	2	1	2
mmu-mir-7223	0	0	0	0	0	0	0	0	0	0	0	1	0	0
Gm25540	87	109	116	66	75	59	55	35	31	33	142	85	15	27
Gm26052	42	57	45	8	85	52	108	62	76	48	110	144	21	15
Gm25837	0	0	0	0	0	0	0	0	0	0	0	0	0	0
Mir3968	64	83	31	2	152	88	67	105	41	70	78	72	9	24
Gm22564	0	2	0	0	1	2	3	1	1	0	2	0	0	0
Gm24323	40	47	25	6	32	31	30	16	14	22	54	44	10	4
mmu-mir-6933	11	7	6	2	2	7	5	1	4	9	2	0	6	6
Gm25040	67	19	41	1	41	32	58	12	54	34	25	32	14	2
mmu-mir-6934	1	0	0	0	0	0	1	1	0	2	0	1	0	0
Mir1932	0	0	0	0	0	0	2	1	0	1	0	0	1	0
Mir338	727	604	174	50	1050	628	767	1136	334	617	245	76	94	185
Gm25948	1	0	0	1	0	0	2	0	0	0	0	0	2	0
Gm23419	29	38	77	25	15	23	19	12	26	16	27	22	7	9
mmu-mir-6935	1	6	9	2	4	2	0	1	1	0	0	1	1	2
mmu-mir-6936	0	0	1	0	0	0	0	0	0	0	0	0	0	0
mmu-mir-7236	3	6	3	0	7	5	2	6	6	2	1	1	2	0
Gm26050	5	1	0	0	0	5	0	1	1	1	1	0	0	0
Gm24758	0	0	0	0	0	0	0	0	0	0	0	0	0	0
Gm24815	31	40	31	10	64	45	74	43	32	28	75	106	15	8
mmu-mir-7675	1	2	1	0	1	3	3	3	1	2	1	1	0	1
AC158354.1	1	2	1	2	0	1	1	1	0	2	1	1	0	0
mmu-mir-6387	0	0	0	1	0	1	0	0	0	0	0	0	0	0
Mir3066	23	10	14	2	21	37	31	20	18	23	6	6	12	13
Gm23913	1043	1501	1591	524	2544	1819	2752	1401	1395	1135	3914	3874	533	425
Gm22189	0	1	0	0	0	1	0	0	0	0	0	1	0	0
Gm22908	0	1	0	1	1	1	0	0	0	0	0	0	0	0
Gm26140	0	1	0	1	1	1	0	0	0	0	0	0	0	0
mmu-mir-6538	5	20	4	2	13	4	6	6	12	10	44	54	3	5
mmu-mir-6937	3	0	0	1	3	2	1	1	0	2	1	0	0	0
Gm25865	7	11	5	0	2	3	4	1	0	3	5	3	1	0
Gm25243	2	5	2	1	4	4	5	1	1	3	6	20	2	0
Gm22904	28	76	47	16	26	37	27	25	27	38	230	277	26	12
Mir680-3	0	0	0	1	0	0	0	0	0	0	0	0	0	0
Mir5099	6357	7876	18325	9544	6019	5865	4656	3793	5280	4972	3445	3602	1896	3174
Mir1938	2	3	1	0	0	0	2	0	1	1	1	0	0	1
Gm25248	198	312	258	72	516	336	561	316	331	248	641	721	103	82
Gm23684	0	0	1	0	0	1	2	2	0	0	0	0	0	0
Gm23394	0	0	1	0	1	1	0	0	0	1	1	1	0	0
AC147101.1	90	109	65	9	64	44	81	40	37	34	101	117	14	16
Gm24590	44	52	49	9	94	61	122	80	114	48	85	130	23	19
Gm23018	0	2	0	0	1	1	0	0	0	0	0	1	0	0
Mir681	0	0	0	0	0	0	0	0	0	0	0	0	0	0
Gm24466	2	3	0	1	2	1	0	2	0	1	0	1	0	0
Mir5101	6	4	1	1	7	8	6	4	4	3	7	0	2	1
Mir5135	0	0	0	0	0	0	0	0	0	0	2	0	0	0
Gm22696	0	1	0	0	2	1	0	1	1	0	0	0	0	0
Mir3067	0	1	0	0	1	0	0	2	0	0	0	0	0	0
mmu-mir-6938	0	1	0	0	1	0	0	0	0	1	1	0	0	0
Gm25847	395	644	657	196	1029	714	1154	604	573	507	1519	1573	226	169
AC171335.1	0	0	0	0	0	0	0	0	0	0	0	0	0	0
Gm23989	16	4	3	0	9	11	9	1	17	13	9	5	1	0
Gm22015	23	5	2	1	11	11	13	5	23	13	14	6	4	0
mmu-mir-8099-2	0	1	0	1	0	0	2	1	2	0	3	1	1	0
Gm22230	876	1381	1428	452	2236	1553	2466	1264	1207	1056	3369	3424	477	374
Gm23291	191	256	124	15	157	137	152	84	122	79	280	262	48	42
Mir1190	2	0	0	0	0	0	0	0	0	0	0	0	0	0
Gm24542	2	2	1	1	0	1	1	0	0	1	0	0	0	0
Mir1936	0	2	4	0	0	2	0	2	3	0	0	0	0	0
Gm22120	0	2	0	0	2	2	0	1	0	0	1	2	1	1
Mir342	421	418	406	95	1220	711	767	939	399	715	234	166	110	191
Gm23872	570	834	537	80	829	485	573	400	465	397	818	797	148	197
Mir345	250	294	162	51	513	379	793	721	415	484	138	116	68	118
Gm22234	49	55	67	17	53	35	37	35	30	29	86	59	6	11
Gm25297	49	54	65	28	52	30	45	30	26	26	96	58	4	13
Mir1906-1	2	5	3	2	3	1	3	1	2	3	3	4	0	2
Mir770	1	2	4	1	8	20	8	7	5	15	4	3	3	2
Mir673	9	19	3	1	123	35	37	66	26	37	12	8	2	6
Mir493	45	53	26	3	177	114	76	128	54	93	48	12	10	17
Mir337	269	419	125	35	1620	905	723	1279	387	947	271	97	91	145
Mir540	21	16	17	7	93	99	49	88	52	99	24	11	10	15
Mir665	15	17	18	5	50	57	41	53	62	56	5	3	12	15
Mir3070a	1	0	0	0	1	0	2	0	0	2	0	0	0	0
Mir3070b	1	0	0	0	0	0	2	0	0	2	0	0	0	0
Mir431	53	63	11	8	297	106	180	224	121	167	40	16	11	20
Mir433	67	69	44	12	405	368	146	233	149	308	83	24	30	63
Mir127	2909	4512	1530	559	23784	11153	11207	18998	5662	13453	4076	1163	1014	1778
Mir434	2229	3464	1381	352	13162	8449	7488	9945	4747	8594	2892	1209	819	1432
Mir432	1	2	0	1	0	0	0	0	0	0	0	0	0	0
Mir136	628	966	245	60	1700	1580	2267	3287	1044	2276	431	134	161	278
Mir341	119	176	69	50	399	645	429	491	367	633	100	85	57	97
Mir1188	1	0	1	0	0	2	2	0	2	2	0	0	0	0
Gm23912	0	0	0	0	1	1	4	1	2	4	0	0	0	0
Mir370	33	69	47	14	129	293	120	133	151	300	58	53	30	49
Mir882	0	0	0	0	0	0	0	0	0	0	0	0	0	0
Mir379	2648	4494	1575	422	18382	8350	11832	14372	5458	9721	3886	1771	992	1552
Mir411	2239	3413	1227	324	13804	6994	8093	10284	4167	7320	1840	701	734	1260
Gm25400	374	463	207	66	1519	1085	1288	1794	805	1572	298	166	119	199
Gm25750	51	80	52	10	205	201	191	221	140	260	48	32	27	39
Mir1197	11	7	1	3	16	33	11	24	20	36	3	1	5	7
Mir323	25	21	15	4	75	118	24	60	40	92	6	9	11	11
Mir758	7	2	1	1	5	30	15	10	12	25	1	1	2	5
Mir329	122	133	137	26	699	415	395	710	249	560	145	47	51	83
Mir494	117	138	190	40	642	548	225	568	249	695	58	24	65	99
Mir679	8	5	5	4	22	33	21	27	10	29	6	7	2	3
Mir1193	28	39	30	14	194	95	61	135	65	96	23	3	12	19
Mir666	4	11	7	0	32	22	20	33	12	21	16	5	2	2
Mir543	18	32	29	7	108	195	23	42	37	118	42	11	18	34
Mir495	32	52	33	7	176	180	87	158	68	228	38	49	20	26
Mir667	11	16	16	7	76	50	50	64	40	63	10	9	8	7
Mir654	0	0	0	0	0	0	0	0	0	0	0	0	0	0
Mir376b	80	92	39	11	212	249	223	341	147	373	54	33	25	43
Gm25252	44	25	20	6	111	94	82	121	60	91	12	4	10	13
mmu-mir-300	409	563	239	72	1556	1704	1274	1434	928	1623	386	247	136	258
mmu-mir-381	408	746	182	69	2738	1862	1628	2545	920	2417	753	273	152	257
Mir487b	23	33	13	1	120	63	62	124	28	75	13	4	7	4
Mir539	1	9	5	3	31	16	12	34	10	16	10	3	2	0
AC121784.1	0	0	0	1	2	1	0	0	0	0	0	0	0	1
Mir544	2	2	1	0	0	0	2	4	3	0	0	0	0	0
Mir382	333	416	201	44	1696	945	886	1339	556	916	344	130	108	167
Mir134	196	282	154	41	719	818	807	708	580	812	142	151	100	152
mmu-mir-668	12	6	1	1	66	20	26	31	10	19	3	2	3	5
Mir485	46	51	31	9	233	148	156	146	90	157	53	25	21	38
Mir453	0	0	0	0	0	0	0	0	0	0	0	1	0	0
Mir154	33	29	22	7	151	71	265	236	86	146	27	14	11	21
Mir496	60	49	27	9	258	153	172	206	102	194	31	21	24	33
Mir377	55	58	26	4	152	103	154	173	89	132	15	12	7	16
Mir541	455	663	684	143	3176	2172	1410	2303	1037	2241	593	323	242	383
Gm24321	182	244	219	50	997	738	474	755	392	762	161	85	114	130
Mir412	15	25	11	2	46	37	34	35	24	32	7	4	6	8
Mir369	131	168	104	26	432	372	291	427	275	482	88	49	47	71
Mir410	172	165	109	30	673	667	434	592	332	687	89	46	70	123
Mir3072	7	11	10	3	54	35	17	47	9	39	5	2	3	8
Mir1247	10	20	14	1	27	26	15	14	11	11	28	17	7	6
AC152827.1	121	145	73	8	85	74	83	53	56	45	155	142	36	24
Mir3073	2	2	1	0	0	0	1	1	2	1	0	0	0	0
Mir203	286060	348257	187480	43215	762384	450677	696152	782790	419305	480945	154526	85382	99086	157738
mmu-mir-6939	1	2	1	0	4	5	5	2	3	4	2	1	1	0
mmu-mir-6940	1	1	1	0	3	4	0	3	3	1	2	0	1	0
mmu-mir-6941	1	2	0	0	7	5	1	5	0	2	0	1	0	0
Gm25747	5	2	0	0	3	0	7	2	1	0	1	0	0	0
Gm24022	11	0	0	0	0	0	27	0	0	0	1	0	0	0
Gm22175	5	2	0	0	2	0	6	2	0	0	1	0	0	0
mmu-mir-7094-2	0	0	0	0	0	0	0	0	0	0	0	0	0	0
AC164609.1	1	2	0	0	0	0	0	0	1	0	0	0	0	0
mmu-mir-6388	0	1	1	0	0	1	0	0	0	0	0	0	0	1
Gm23190	33	10	17	2	21	19	29	11	25	23	16	19	8	1
Mir153	1	2	0	0	1	1	1	0	0	0	0	0	0	0
Gm22460	1191	1811	1948	516	1305	948	989	606	718	631	2349	2082	351	335
Gm26259	247	390	393	109	562	379	668	343	325	302	880	947	135	105
Gm22689	34	27	62	5	47	28	28	31	33	35	35	22	5	20
Gm22750	2	6	4	4	0	3	2	1	5	1	7	6	2	3
Gm24187	4882	10134	13794	8529	9040	3711	9025	5960	6856	5183	19215	15042	2345	4427
Gm23415	282	409	355	102	685	469	768	418	405	318	943	1033	144	115
Mir466i	101	135	119	25	225	155	283	148	148	112	271	365	66	37
mmu-mir-6942	1	1	0	0	2	2	2	0	2	3	0	1	0	1
Mir1896	0	0	1	1	0	2	0	1	0	0	3	1	0	2
Mir1983	103	47	100	31	24	97	13	17	83	107	3	19	37	34
Gm26300	18	49	74	20	30	21	31	17	21	15	52	52	3	10
Gm25084	83	91	121	44	82	56	70	49	44	44	148	104	20	21
Gm23282	85	96	128	47	85	57	71	50	44	44	156	104	20	23
mmu-mir-6368	0	0	0	0	0	0	0	0	0	0	0	0	0	0
Gm23729	111	176	143	41	283	177	322	188	169	141	369	439	66	44
AL590625.1	0	0	1	0	0	0	0	0	0	0	0	0	0	0
AC140331.1	12	16	8	1	22	14	16	5	11	12	22	20	5	6
Mir5124	1	2	3	0	4	2	3	5	0	2	5	3	2	0
Mirlet7d	11064	10976	5544	1585	26195	19686	14446	21425	8249	15520	5427	1807	3484	6350
Gm24111	239206	279982	113224	30471	441349	326881	318575	457049	161115	298846	99536	40575	62039	98167
Mirlet7a-1	275958	315112	130324	35234	530905	378364	378107	545767	186271	346552	115486	45946	70638	112488
Gm23086	897	1322	1336	414	2198	1586	2407	1253	1237	1003	3271	3303	466	365
Gm24300	0	0	0	0	0	0	0	0	0	0	0	0	0	0
Gm24017	0	0	0	0	0	0	0	0	0	0	0	0	0	0
Mir683-1	0	0	0	0	0	0	0	0	0	0	0	0	0	0
Mir683-2	0	0	0	0	0	0	0	0	0	0	0	0	0	0
Gm23952	0	0	0	0	0	0	0	0	0	0	0	0	0	0
Gm23566	238	357	319	97	577	379	680	359	362	275	780	884	134	98
Gm24195	3	1	1	0	1	0	0	0	2	0	1	2	0	1
mmu-mir-6943	3	1	0	0	5	5	0	1	1	4	0	0	1	0
mmu-mir-6944	0	1	0	0	1	1	2	4	1	0	0	2	0	1
mmu-mir-6945	6	3	2	1	3	2	1	4	0	0	1	0	2	1
Mir874	30	28	28	9	124	60	85	85	40	52	27	10	14	22
mmu-mir-6369	9	3	6	1	2	3	4	2	5	1	9	6	2	3
Mir7-1	7589	9162	8361	1948	3430	5523	2688	4004	3629	5999	771	1122	2282	3540
Gm24999	8	11	5	4	19	9	12	21	22	12	9	10	3	5
Gm25000	611	890	752	283	1420	999	1529	839	690	664	2099	2212	314	235
CT030645.1	26	20	23	6	11	7	7	4	6	5	16	11	4	3
Gm23739	0	0	1	0	0	0	0	0	0	0	0	0	0	0
Gm24193	88	110	117	68	79	60	55	37	31	34	142	87	13	28
Gm25649	3	3	1	3	0	1	2	2	1	3	2	1	0	1
Gm25933	0	0	1	0	0	0	0	0	0	0	0	0	0	1
Gm22256	0	0	1	0	0	0	0	0	0	0	0	0	0	0
Gm24020	0	0	1	0	0	0	0	0	0	0	0	0	0	1
Mir713	0	0	1	0	0	0	0	0	0	0	0	0	0	0
Gm24588	16	29	36	18	20	15	17	11	18	24	34	31	5	14
Mir23b	31177	33139	24185	5073	90659	44488	73382	103733	43499	55314	18442	8918	10471	16683
Mir27b	151865	152345	65148	16977	328984	223045	256206	373871	156323	231430	71177	30060	40939	66854
Mir3074-1	68841	78168	32819	8038	173225	98890	122418	133619	65867	91185	42798	19611	17863	32556
AC164297.1	31	25	27	7	11	7	9	4	7	8	18	14	4	3
Mir466f-4	8	8	5	1	12	12	4	4	9	9	4	7	2	2
Gm25197	1314	2010	2500	768	1524	1099	1141	724	842	743	2752	2297	417	413
Mir692-2b	34	51	101	39	12	24	10	7	23	16	38	40	13	10
Mir682	52	100	151	50	58	45	51	32	44	31	107	89	7	19
Gm24025	0	11	0	0	0	0	0	0	0	0	0	0	0	0
Gm23019	804	1128	1133	363	1894	1365	2098	1073	1074	869	2946	2958	406	312
Gm25241	38	43	90	34	18	28	26	18	29	18	38	27	7	12
Mir9-2	132	96	65	14	181	170	126	213	127	134	62	28	27	40
Gm24331	50	56	96	25	54	41	47	37	29	27	97	63	9	15
Gm25700	4	4	1	2	0	1	2	2	1	2	1	2	0	1
Gm24935	1	2	1	1	0	1	1	1	0	0	0	1	0	0
Gm26120	3	5	1	0	3	1	4	0	7	1	3	2	1	2
AC154413.1	346	471	492	103	302	212	306	166	192	173	459	437	84	89
Gm25075	8	4	4	2	2	2	0	0	0	2	2	0	2	0
Gm25534	1607	2380	2699	770	2014	1272	1487	934	1071	977	2990	2590	478	513
Gm25109	1	0	0	0	0	0	0	1	0	0	1	0	0	0
Gm25213	488	572	1462	697	726	445	1074	771	727	648	368	308	154	309
Gm22007	696	1023	1023	314	1748	1232	1886	991	968	789	2552	2607	360	283
Gm22698	177	256	214	61	450	299	504	269	269	202	574	668	92	70
Gm22118	28	71	48	15	43	44	30	31	23	26	372	337	26	22
Mir582	331	388	147	30	221	200	318	248	207	214	76	58	78	106
Mir1904	0	0	0	0	0	0	0	0	0	0	2	0	0	0
Mir449c	1	0	4	0	1	4	0	4	4	3	0	0	1	0
Mir449b	2	4	2	0	3	9	2	9	12	11	1	2	0	1
Mir449a	11	1	7	1	10	36	16	17	10	18	1	1	5	3
Gm25950	21	20	17	0	30	18	27	19	19	22	43	27	15	5
Gm23438	269	426	395	115	715	482	761	450	437	349	948	1005	137	115
mmu-mir-5124b	0	2	0	0	2	0	2	3	1	0	1	2	1	0
AC122290.1	25	21	65	19	26	17	20	6	12	16	30	44	6	10
mmu-mir-6946	6	10	5	2	14	7	11	16	4	4	7	6	3	2
AC129590.1	1	0	1	0	0	0	1	0	1	0	1	0	0	0
Mir3075	0	0	0	0	2	2	0	1	0	1	2	0	1	1
Gm23701	2	3	0	0	0	1	0	0	0	0	0	1	0	0
mmu-mir-7672	3	4	0	5	2	0	1	0	4	2	3	3	0	1
Gm23633	59	83	54	22	144	80	165	98	89	66	163	222	39	27
Mir3076	7	5	3	2	6	3	5	5	0	3	2	1	0	4
Mir346	1	1	0	0	2	2	1	1	1	0	2	3	0	0
Gm24404	1010	1417	1508	482	2339	1692	2627	1303	1306	1050	3713	3698	514	414
CT025583.1	12	12	5	3	16	2	18	14	23	10	10	4	0	4
Gm22191	4	4	1	3	0	1	2	2	1	3	1	2	0	1
Gm25208	89	112	116	68	80	61	57	38	32	34	141	86	13	29
Gm25892	87	108	113	63	75	58	54	36	31	33	142	82	13	28
Gm25228	89	112	116	68	80	61	57	38	32	34	141	86	13	29
Gm23620	87	108	113	63	75	58	54	36	31	33	142	82	13	28
Gm25353	84	99	106	57	76	52	54	36	27	32	122	77	14	27
Mir5131	0	0	1	0	0	0	0	0	0	1	0	1	0	0
mmu-mir-378c	10485	20440	4793	1175	27623	19463	22226	29245	13151	19468	11040	5732	3091	5550
Gm23881	98	30	73	0	54	47	72	16	75	48	33	57	30	0
Gm22949	3	5	0	0	2	5	8	2	2	2	5	7	3	0
AC122877.1	19	17	15	3	8	3	7	2	4	3	13	9	3	1
Mir686	7	12	20	9	8	10	4	4	11	5	10	6	1	2
Mir208a	0	0	0	0	0	0	0	0	0	0	0	0	0	0
Mir208b	1	3	1	1	4	6	1	5	1	8	0	1	1	0
mmu-mir-6949	2	0	0	0	1	0	0	0	0	0	0	0	0	0
Mir3077	2	1	0	0	3	0	1	6	0	6	0	1	0	2
Mir719	1	3	7	4	1	1	0	3	0	1	3	4	0	0
Mir16-1	11734	9544	6296	1190	15227	10270	19675	19171	10338	11353	2525	1876	2131	3286
Mir15a	1094	594	301	68	501	658	779	867	502	607	80	58	115	236
mmu-mir-8098	0	2	0	0	1	1	1	2	0	1	0	0	2	0
mmu-mir-6541	0	0	0	0	1	1	1	0	4	0	2	0	0	0
Mir598	13	14	3	2	44	30	22	45	11	29	15	6	6	4
Mir124a-1	7	4	1	0	15	11	20	24	3	15	2	0	2	0
Mir3078	0	0	0	0	0	0	0	0	1	0	0	0	0	0
CT030233.1	22	34	20	3	13	13	23	9	12	7	25	19	2	5
Gm23178	249	379	339	104	593	405	733	356	366	275	913	1034	153	95
mmu-mir-6539	52	56	24	4	23	33	13	11	26	31	2	9	17	27
mmu-mir-6950	1	2	1	2	5	1	1	2	1	3	3	0	1	0
Mir320	1173	1584	2185	526	4485	2887	2486	3506	1515	2829	1185	646	500	899
Mir687	0	0	0	0	0	0	1	0	0	0	0	0	0	0
Mir1971	1	5	0	0	7	5	3	3	2	2	2	2	0	1
Gm23652	415	643	675	198	1099	764	1183	625	612	497	1577	1598	220	175
Gm25530	1680	2509	3022	915	2129	1365	1618	1013	1152	1028	3198	2753	516	550
Mir759	0	0	0	0	0	0	0	0	0	0	0	0	0	0
CT030684.1	330	321	1259	647	567	370	911	602	569	544	251	183	100	248
Gm22401	2	9	7	1	17	10	6	7	6	8	17	22	2	0
Mir5130	2	0	1	0	1	1	0	1	0	0	1	1	1	0
Gm22877	0	4	1	0	1	1	2	1	1	2	1	0	0	0
mmu-mir-6390	0	4	0	0	0	1	1	0	0	1	1	1	0	0
Gm22406	296	459	380	102	807	522	867	513	503	387	979	1152	162	128
Gm24818	1	9	4	2	1	3	4	1	1	3	9	20	0	0
Gm24369	267	380	348	102	651	446	724	399	435	308	903	954	137	109
Gm22802	231	336	296	83	568	396	648	359	358	269	763	850	126	91
Mir17	8799	5587	5978	841	8066	5673	6522	7513	5730	6088	848	720	1679	2397
Mir18	324	304	257	43	218	385	202	206	254	365	30	70	80	158
Mir19a	3374	2502	3413	665	2700	3155	3213	4032	2083	3042	440	341	511	892
Mir20a	14343	10722	11573	1555	11750	9554	12015	13552	10550	10580	1291	1104	2753	3655
Mir19b-1	3451	2532	3460	767	2798	3179	3291	4154	2138	3115	455	353	525	935
Mir92-1	16546	13295	6572	1772	22384	15969	12408	20281	8820	16130	4342	2291	3740	5764
mmu-mir-6239	0	0	0	0	0	0	0	0	0	0	1	0	0	0
mmu-mir-6241	0	0	1	0	0	0	0	0	0	0	0	0	0	0
mmu-mir-6391	0	0	0	0	0	0	0	0	0	0	0	0	0	1
AC133283.1	0	0	0	0	0	0	0	0	0	0	0	1	0	0
AC123611.1	35	40	105	31	36	26	40	10	19	25	53	67	10	19
Mir1898	0	1	1	0	1	0	0	0	2	0	3	1	1	0
Gm24135	80	91	150	47	76	51	64	50	44	42	149	103	19	19
Gm24302	90	101	155	54	84	59	80	57	49	46	173	118	17	22
Gm24080	40	52	55	6	47	35	30	27	26	28	38	87	7	3
Gm22104	690	976	1033	341	1634	1159	1798	923	928	734	2508	2505	341	275
Gm22032	13	22	14	6	37	19	36	39	55	27	23	16	9	12
AC147224.1	10	7	6	1	3	3	4	1	1	1	7	7	1	0
AC125320.1	33	22	26	10	12	8	10	4	7	9	22	13	5	3
mmu-mir-7212	0	0	0	1	0	0	1	2	0	0	1	0	0	0
mmu-mir-7117	3	3	0	0	2	2	5	1	2	2	0	1	1	1
Mir3964	20	16	2	1	0	8	2	3	1	7	1	0	1	2
Mir599	0	0	1	0	0	0	1	0	0	0	1	0	0	1
Mir875	0	1	0	0	0	0	0	0	1	2	0	0	0	0
mmu-mir-8097	4	3	2	0	1	0	1	0	1	2	2	2	2	1
Gm25303	87	109	67	9	102	66	75	44	59	38	138	104	23	17
Gm23654	0	0	0	0	0	0	0	0	0	0	0	0	0	0
Gm24098	20	28	49	15	7	11	3	2	10	6	24	17	3	3
mmu-mir-6951	1	5	3	0	1	4	2	3	3	4	1	0	0	1
Gm25381	21	28	51	16	7	11	3	2	10	6	24	17	3	3
Gm25958	0	2	1	0	0	0	1	0	0	1	0	0	1	0
Gm23562	0	6	0	0	0	0	0	0	0	0	0	0	0	0
Mir1907	5	9	7	4	9	2	9	6	8	4	9	12	4	4
Gm24810	71	80	128	39	89	42	88	46	29	46	97	61	19	18
Mir30b	6263	4712	2121	528	8796	5480	15616	16288	5996	8261	1714	1161	1283	1793
Mir30d	70297	86213	42393	9238	149777	100580	114747	190144	57482	109302	38573	15923	17330	29091
Gm24834	297	438	399	119	729	521	811	417	424	336	1038	1097	158	114
Mir151	871	1261	478	128	2877	2005	1794	2592	1157	1941	1006	532	359	538
Gm26117	0	0	0	0	0	0	0	1	0	0	0	0	0	0
mmu-mir-6952	2	10	4	0	24	11	18	15	6	8	5	0	2	1
Mir1942	0	0	0	0	1	0	0	0	0	0	0	0	0	0
mmu-mir-6953	0	1	1	0	2	1	2	1	0	0	0	0	0	0
Mir3079	2	0	2	1	0	0	0	0	3	0	0	0	0	0
mmu-mir-6954	2	1	1	0	1	1	1	1	1	3	0	0	0	1
mmu-mir-7676-2	14	22	18	6	6	16	7	11	17	9	4	7	9	5
mmu-mir-7676-2	14	22	20	6	6	16	7	11	17	9	4	9	9	5
mmu-mir-6955	0	3	2	0	5	3	1	5	3	2	1	2	0	1
mmu-mir-6956	5	3	0	0	5	2	2	2	1	4	1	0	0	1
Mir1943	8	12	5	2	11	5	13	12	5	6	7	3	1	1
Gm25752	1265	1839	2133	609	1353	959	1077	706	764	658	2391	2110	368	386
mmu-mir-7213	0	0	0	0	1	0	0	3	0	1	0	0	0	0
mmu-mir-6957	0	2	1	0	1	1	2	0	2	1	0	0	0	1
Mir5113	1	3	3	3	3	7	4	3	1	3	7	4	0	1
Gm23880	0	0	0	0	0	0	0	0	0	0	0	0	0	0
Mir33	226	180	66	27	139	296	257	264	164	200	30	20	25	65
Gm26199	39	58	44	7	102	60	102	72	64	61	99	135	19	14
mmu-mir-7684	0	0	0	0	0	0	0	0	1	0	0	0	0	0
AC113593.1	0	0	0	0	0	0	0	0	1	0	0	0	0	0
Gm25990	0	1	0	1	0	0	1	0	0	0	0	0	0	0
AC113593.2	0	0	0	0	0	0	0	0	0	0	0	0	0	0
AC132878.1	0	0	0	0	0	0	0	0	0	0	0	0	0	0
AC132878.2	0	0	0	0	0	0	0	0	0	0	0	0	0	0
AC132878.3	0	0	0	0	0	0	0	0	0	0	0	0	0	0
AC118710.1	0	0	0	0	0	0	0	0	0	0	0	0	0	0
AC118710.2	0	0	0	0	0	0	0	0	0	0	0	0	0	0
AC087902.1	0	0	0	0	0	0	0	0	0	0	0	0	0	0
Mir3080	1	2	1	0	6	1	0	1	0	2	0	1	1	0
Gm24575	30	23	17	1	23	22	22	8	22	17	48	38	8	6
mmu-mir-6392	0	0	1	1	0	0	1	0	0	0	1	0	0	0
Mir1249	182	150	116	25	512	209	449	345	144	174	121	55	66	80
Mirlet7c-2	207717	243379	98822	26649	446631	298258	309652	436835	145946	268832	92302	37000	54643	87909
Mirlet7b	97888	102837	41303	12176	264806	151802	158469	236206	69803	130300	46832	15787	24361	40817
Gm23416	89	61	70	9	104	75	130	58	91	71	95	133	40	16
mmu-mir-6393	0	0	0	0	0	0	0	0	0	0	0	0	0	0
mmu-mir-6958	1	1	0	0	0	0	0	0	2	2	0	1	0	1
mmu-mir-6959	3	0	1	0	4	1	2	1	1	1	2	0	0	1
Gm24643	91	106	156	58	95	71	79	50	53	49	174	115	24	27
mmu-mir-7648	1	0	1	0	2	1	0	0	0	0	1	1	0	1
Gm25070	85	101	138	55	87	60	70	45	46	44	161	109	24	26
Gm25397	0	0	1	2	2	1	1	1	1	0	0	0	0	0
mmu-mir-6960	0	3	0	0	1	0	0	1	0	2	3	2	1	1
mmu-mir-6961	0	1	0	0	0	0	0	0	1	0	0	1	0	0
Mir1941	25	18	20	3	48	32	18	42	23	29	9	8	4	11
Mir688	1	0	1	0	1	0	0	0	0	0	0	0	0	0
Mir196a-2	42	17	10	4	9	7	12	1	13	6	4	1	6	5
Mir615	7	12	5	3	1	21	0	2	3	8	2	3	6	11
Mir148b	58978	95151	27797	7595	174307	130655	117328	171246	61048	147183	63070	24854	19420	30919
mmu-mir-6963	2	0	2	1	0	1	2	1	1	0	1	0	1	0
Gm22852	67	73	97	35	59	51	43	36	37	34	117	70	16	23
Gm23215	68	75	76	39	60	41	38	30	20	24	94	66	11	22
Gm22862	85	96	94	55	73	52	50	36	28	31	113	72	10	26
Gm23493	9	15	25	8	12	4	11	6	10	12	20	13	2	4
Gm23413	1000	1459	1753	520	1108	779	867	553	641	566	1968	1598	310	312
mmu-mir-6364	0	1	0	0	0	1	0	0	0	0	0	0	0	0
Gm23689	3	3	1	3	0	1	2	2	1	3	1	1	0	1
Gm26095	3	3	1	3	0	1	2	2	1	3	1	1	0	1
Gm22137	5	6	1	1	0	3	0	1	2	0	3	2	1	1
Gm24814	6	5	5	0	4	4	8	4	3	1	11	8	3	2
Gm22932	1	1	0	0	1	1	0	1	1	0	2	1	0	0
Gm26268	1381	2123	2521	743	1539	1094	1180	731	860	740	2816	2427	425	409
Gm23935	5935	12661	15949	9095	11542	5341	10447	6881	8208	6289	22997	19272	2860	5089
Mir1945	4	5	2	0	1	2	1	1	1	1	1	1	1	2
Mir193b	844	901	465	83	1686	884	3221	2670	1041	1429	681	674	177	339
Mir365-1	1466	1331	1973	441	5795	2136	3612	4802	1431	2453	1600	646	512	673
mmu-mir-6365	0	0	0	0	0	0	0	0	0	0	0	1	0	0
AC107769.1	1	0	0	0	0	0	1	0	0	1	1	1	0	0
AC119853.1	2	1	2	0	0	0	0	0	0	0	2	1	0	0
Mir484	1837	1487	821	217	2810	2917	1162	1712	1304	2092	308	225	464	773
Mir130b	301	256	105	24	511	287	383	404	191	260	74	32	54	91
Mir301b	51	32	30	6	36	62	42	56	38	51	9	11	11	18
mmu-mir-6366	0	0	0	0	0	0	0	0	0	0	0	0	0	0
Mir1306	25	37	22	3	69	41	36	45	28	43	16	12	12	16
Gm24572	2	3	2	4	1	2	0	0	1	1	1	0	0	1
Mir185	1400	1808	1409	266	3469	2570	2541	3506	1788	2918	713	398	558	889
Gm26219	1	3	0	0	1	1	1	1	0	0	0	0	1	0
Gm23612	2	2	0	1	1	2	0	0	0	1	0	0	0	0
AC164558.1	0	0	0	0	0	0	0	0	0	0	0	0	0	0
Mir1224	0	1	4	0	6	8	2	4	2	2	2	2	1	0
mmu-mir-7680	0	0	0	0	0	3	3	0	2	2	0	0	0	0
mmu-mir-8095	0	0	1	0	0	0	0	0	1	0	0	0	1	0
mmu-mir-6362	0	1	0	0	0	0	0	1	0	0	0	0	0	0
Mir28	546	556	295	76	1328	930	902	1078	646	926	205	115	162	239
Mir690	154	254	163	47	228	121	278	269	277	212	138	155	45	85
AC130815.1	0	0	0	0	0	0	0	2	1	0	1	2	0	0
Gm26053	258	333	292	96	538	389	645	316	314	236	862	909	128	92
Gm26269	1506	2300	2782	866	1715	1172	1336	835	942	832	3111	2649	472	485
Mir1946a	10	15	11	1	5	13	6	4	8	9	14	25	5	4
Gm22231	131	170	144	41	326	226	358	186	187	138	410	473	67	46
Mir1947	3	12	4	1	12	8	12	7	5	9	5	2	4	8
Gm25548	1	2	1	2	0	1	1	2	1	3	1	1	0	0
Gm22617	11	0	0	0	0	0	19	0	0	0	0	0	0	0
Gm24795	82	88	99	50	65	47	45	34	24	25	109	71	11	25
AC154801.1	44	61	11	4	42	22	28	12	21	17	57	59	11	6
mmu-mir-6540	6	2	5	1	17	21	10	8	7	16	2	1	1	4
Mir568	0	1	0	0	0	0	0	0	0	0	1	0	0	0
Gm25996	516	760	785	243	1257	904	1358	708	712	589	1878	1862	264	210
Mir3470b	462	691	538	102	475	350	361	229	290	245	867	761	116	111
Mir3081	96	185	56	12	180	133	220	195	122	173	83	59	47	60
mmu-mir-6363	1	1	1	2	3	3	3	0	0	1	1	2	0	0
Gm25041	1	1	0	0	0	0	0	0	0	0	0	0	0	0
Mir5118	26	28	15	2	25	21	19	13	12	10	47	32	8	7
Gm24047	354	529	968	257	600	307	551	470	500	431	485	433	96	174
AC159200.1	5	5	5	0	5	4	8	3	3	3	6	5	0	1
Gm24755	3	3	1	2	0	1	2	2	1	3	1	1	0	1
AC131701.1	0	1	0	0	0	0	0	0	0	0	0	0	0	1
Gm25986	117	231	168	44	133	82	154	127	134	114	115	119	29	57
Gm23374	38	49	89	33	19	29	27	20	30	21	38	29	9	13
Gm23659	0	2	1	1	0	1	0	1	0	0	1	1	0	0
Gm24272	2	3	2	3	0	2	1	0	4	0	5	5	1	2
Gm22923	217	318	274	80	546	374	619	332	333	252	732	818	114	87
Mir99a	54489	83202	24385	6614	209114	125063	84150	154795	50302	105349	53136	17295	15212	26312
Mirlet7c-1	205744	241632	97921	26413	444515	295984	308156	434363	145208	267194	91713	36883	54233	87296
Mir125b-2	43822	37637	22261	4383	149109	60993	49412	87609	29895	52229	21514	6229	10157	17088
Gm25025	387	514	516	144	872	624	969	494	527	410	1247	1315	198	139
Mir155	292	192	288	65	375	419	331	479	339	413	96	90	89	164
Gm22933	63	103	52	7	68	53	50	28	40	29	101	98	16	19
mmu-mir-6367	0	0	0	0	0	0	0	0	0	0	0	0	0	0
AC126053.1	461	561	703	200	354	261	395	207	249	228	675	619	100	130
AC124326.1	20	30	4	1	10	9	13	4	6	5	22	18	0	3
Mir802	1	0	2	0	1	1	2	4	1	0	0	0	1	0
Gm23062	2	0	0	0	0	1	0	0	1	0	4	1	0	0
Gm22745	11	0	0	0	0	0	21	0	0	0	0	0	0	0
AC144797.1	0	0	1	0	0	0	0	0	0	0	1	1	0	0
Gm22475	86	104	149	55	91	63	72	49	52	47	170	113	23	26
Gm22774	30	49	93	37	10	24	8	7	21	15	37	37	11	9
Mir692-1	17	23	42	22	4	14	7	4	12	8	15	21	9	8
Gm25872	76	85	137	32	76	47	66	44	38	34	128	98	15	13
Gm24085	131	205	161	43	359	224	377	243	238	173	403	485	70	58
Mir99b	6524	8231	5906	1305	21238	14743	11301	16085	9025	14562	3395	1743	2664	4599
Gm25927	165550	202164	79356	21183	342338	238844	240117	332404	117349	213510	74158	30822	44624	71427
Mir125a	9651	9967	7222	1446	37151	17153	11599	22454	5469	12318	7925	2228	2810	4882
Gm26384	99	120	231	101	139	71	157	81	134	88	144	141	34	46
Gm24606	581	872	921	296	1456	1049	1572	815	815	668	2203	2172	302	242
Mir5125	2	2	0	1	10	6	3	8	3	2	5	4	1	1
CT010502.1	5	6	2	0	2	4	7	2	6	3	10	4	2	1
Mir5134	0	0	0	0	2	4	0	2	0	1	1	0	0	0
mmu-mir-6965	0	1	2	0	2	0	0	1	1	2	1	0	1	2
Gm24427	90	112	112	66	79	62	52	39	26	36	136	95	13	25
Gm24589	2	1	2	1	1	2	3	2	3	2	1	0	0	0
Gm22410	0	0	0	0	1	0	0	1	0	0	0	0	0	0
Gm25083	0	0	1	0	0	0	0	0	0	0	0	0	0	0
mmu-mir-6966	1	2	0	2	5	3	1	0	1	2	2	0	0	2
Mir3082	5	6	4	0	13	8	16	14	6	11	2	3	1	2
Gm22420	1167	1745	2095	572	1311	902	1040	649	725	648	2370	2049	383	343
mmu-mir-6967	6	2	3	1	2	6	1	6	4	3	2	4	3	2
mmu-mir-6968	0	2	1	0	5	4	3	2	1	4	0	0	0	0
Mir3083	3	4	1	0	12	2	8	15	10	10	1	0	3	0
mmu-mir-7677	0	1	0	0	1	1	1	2	2	0	2	1	0	1
mmu-mir-7216	0	0	1	0	0	0	0	0	0	0	0	0	0	0
Gm25195	1244	1871	1962	555	1651	1022	1242	748	878	787	2270	2026	363	410
mmu-mir-6969	0	1	0	0	0	0	0	0	0	0	0	0	0	0
mmu-mir-7667	6	8	3	1	9	8	5	6	2	5	10	7	1	1
Gm24026	202	330	291	75	513	348	605	327	317	271	705	796	119	92
Gm24970	0	3	0	0	0	1	0	0	0	1	1	1	0	0
Gm22201	0	1	0	0	0	0	0	0	0	0	1	0	0	0
mmu-mir-6967	6	2	3	1	2	6	1	6	4	4	2	4	3	2
Mir219-1	29	25	19	3	34	42	23	20	22	28	6	6	6	16
CT573030.1	0	3	3	0	2	1	2	2	1	1	1	0	1	1
mmu-mir-6971	1	1	0	1	5	0	4	4	2	3	1	0	2	0
mmu-mir-6970	0	2	3	0	3	1	2	3	2	3	1	1	1	1
mmu-mir-6972	3	5	1	0	0	3	1	3	2	2	3	1	0	1
mmu-mir-6973a	0	0	0	0	0	0	0	0	1	0	0	0	0	0
mmu-mir-6974	0	0	0	0	0	0	0	0	0	0	0	0	0	0
mmu-mir-6975	1	0	0	0	11	5	4	7	1	3	5	4	0	0
mmu-mir-8094	7	14	30	10	9	8	10	7	12	8	25	15	1	3
CR974451.1	4	8	2	3	0	4	1	1	4	9	1	4	1	1
Mir1894	1	0	0	0	2	0	2	1	0	1	1	3	0	2
Mir877	38	61	116	76	92	82	38	50	50	77	23	19	19	23
Gm26429	1	0	1	1	0	0	0	1	0	0	0	1	0	0
Gm26376	0	1	1	1	0	0	0	1	0	0	0	1	0	0
Gm24979	1404	2168	2584	754	1581	1110	1216	752	882	758	2881	2483	436	423
Mir693	1	0	1	0	0	0	0	2	0	0	0	0	0	0
Mir7b	7414	8991	8121	1863	3292	5384	2572	3828	3503	5785	737	1098	2234	3446
mmu-mir-6977	0	1	0	0	4	0	0	0	1	1	0	0	0	0
mmu-mir-6978	0	1	0	0	0	0	0	0	0	0	0	0	0	0
Gm24813	4	9	9	1	1	3	5	5	1	0	2	2	1	3
Gm24194	117	149	114	36	255	164	318	175	198	126	316	400	68	44
mmu-mir-6420	0	0	0	0	0	0	0	0	0	0	0	0	0	0
Gm25731	1637	2439	2917	884	2074	1316	1553	986	1102	999	3109	2660	499	533
Gm22041	0	0	0	0	5	1	1	2	1	2	2	0	0	0
Mir1195	83	110	61	10	108	83	84	50	69	57	105	104	20	37
Gm25508	487	765	726	206	1266	837	1380	755	670	602	1740	1874	266	219
Gm25069	252	351	303	87	614	422	692	364	362	264	844	946	141	88
AC135509.1	4	3	1	3	0	1	2	2	1	3	1	1	0	1
Gm23400	81	93	131	49	81	52	67	48	44	42	151	108	20	23
Gm22346	90	112	112	66	79	62	52	39	26	36	136	95	13	25
Gm24510	104	137	121	25	231	156	304	148	170	109	277	375	69	38
AC165087.1	4	1	2	0	2	2	3	3	2	3	3	1	2	2
Gm22709	14	3	7	3	3	10	18	22	31	12	10	10	3	3
Mir1893	0	0	1	0	0	1	1	0	0	1	0	1	0	0
Gm26119	4	4	0	0	2	1	3	1	1	1	6	1	0	0
Gm23637	103	118	99	29	218	137	256	135	133	109	238	312	61	36
Mir133a-1	9048	10196	2986	905	18505	10234	15741	39351	7849	13699	5971	2027	1517	2700
Mir1b	87251	170823	33826	8863	135149	110490	114580	385304	63985	130817	39466	10050	16032	25878
Mir1901	0	1	1	0	1	1	1	0	0	0	1	0	1	0
Mir1948	8	11	7	3	5	10	2	4	8	11	0	1	3	6
Gm25567	264	429	433	127	671	457	800	397	394	328	1059	1157	153	117
Gm26235	93	107	152	57	97	71	81	52	53	49	176	116	24	28
Gm24483	423	705	744	215	1058	721	1192	627	613	549	1566	1691	244	180
mmu-mir-6360	0	0	0	0	0	0	1	0	0	0	0	0	0	0
Mir187	167	140	66	16	386	279	383	379	165	285	121	45	32	61
Gm23606	82	93	105	61	72	53	52	35	29	32	119	80	12	26
Gm24396	488	700	725	239	1174	850	1299	662	651	533	1816	1806	249	196
Gm23283	2	1	1	1	0	0	1	1	0	0	0	1	0	0
mmu-mir-6361	0	0	0	0	0	0	0	0	0	0	0	0	0	0
Gm23882	529	745	781	259	1256	905	1380	693	686	564	1954	1931	263	212
Gm23424	3	1	1	1	0	0	1	1	0	0	0	0	0	0
mmu-mir-6979	3	8	3	1	2	2	1	3	3	3	3	2	1	0
mmu-mir-6981	0	0	0	0	0	0	0	0	1	0	0	1	0	0
mmu-mir-6980	2	1	0	0	3	0	0	0	1	2	0	0	0	0
Gm23425	624	906	908	294	1572	1103	1687	879	858	694	2298	2343	327	246
Gm22697	0	0	2	0	0	0	0	0	0	0	0	0	0	0
Gm22415	10	17	18	0	5	15	23	11	6	5	21	16	5	9
Gm23914	819	1213	1243	376	2071	1466	2246	1173	1154	932	3060	3085	425	334
Gm24617	81	104	102	58	76	56	44	38	22	29	120	85	9	24
Gm25036	12	23	29	0	10	18	25	17	5	5	30	27	6	9
Gm23335	1036	1474	1507	479	2753	1966	2844	1739	1475	1354	3661	3615	534	461
Gm25476	0	0	0	0	0	0	0	0	0	0	0	0	0	0
mmu-mir-1258	0	2	0	0	0	0	2	0	0	0	0	0	0	2
mmu-mir-6355	0	0	0	0	0	0	0	0	0	0	0	0	0	0
Gm23576	1	2	1	1	0	1	0	1	0	0	0	0	0	0
Mir5107	25	20	23	4	33	47	27	27	6	22	19	6	11	18
mmu-mir-7220	0	0	0	0	0	0	0	0	0	0	0	0	0	0
mmu-mir-6982	0	0	0	0	0	0	0	0	0	0	0	0	0	0
mmu-mir-6983	1	2	2	1	0	3	3	1	4	1	1	0	0	0
Gm25301	11443	21672	5255	1281	29473	20618	23383	31289	13798	20647	11457	5899	3323	5932
Mir145	2055	2351	2015	572	6286	4270	5919	7989	3159	4815	1220	620	626	1121
Mir143	52295	75619	20940	6593	103323	105062	108273	149894	60430	114415	33765	17234	15232	26016
Mir122a	17	37	6	2	62	83	1	11	2	8	3	2	5	4
Mir694	0	3	4	1	1	4	5	5	2	13	3	0	1	3
mmu-mir-7219	6	6	4	0	4	14	2	3	2	8	0	2	2	2
mmu-mir-6356	0	0	0	0	0	0	0	0	0	0	0	0	0	0
mmu-mir-145b	33	28	13	4	61	44	103	114	43	65	18	8	5	5
mmu-mir-6357	0	0	0	0	0	0	0	0	1	0	0	0	0	0
Gm25509	9	4	3	0	5	4	13	17	31	3	3	7	4	2
Gm22065	4	3	1	2	0	1	2	2	1	3	1	1	0	1
Gm25594	5	9	6	6	4	0	5	3	4	4	2	7	0	1
mmu-mir-6358	6	9	4	0	1	3	4	5	5	1	8	7	4	2
Gm25071	109	146	97	22	214	146	229	145	150	126	210	277	48	39
Mir5127	15	9	3	2	31	18	11	29	11	14	5	7	4	3
Mir5112	1	2	1	1	0	1	7	0	3	2	0	0	1	1
Gm26258	792	1255	1305	407	2024	1399	2213	1168	1108	970	3033	3085	441	332
mmu-mir-6359	0	1	0	0	0	0	0	0	0	0	0	0	0	0
Gm22694	74	89	162	59	121	58	102	53	46	49	150	89	22	29
mmu-mir-6984	1	0	1	0	0	0	1	0	0	0	1	1	0	0
Gm26115	0	1	0	0	0	1	1	0	1	1	1	2	0	0
mmu-mir-6985	2	1	0	0	5	1	1	3	0	2	2	1	0	0
mmu-mir-6986	0	2	1	0	7	1	0	2	0	2	0	1	1	1
AC125059.1	4848	4671	8126	1203	5655	2212	5942	3160	3247	1898	984	1015	1029	1153
mmu-mir-6987	2	0	0	0	0	0	0	0	0	0	0	0	0	1
mmu-mir-6988	7	5	4	0	12	17	13	21	4	16	7	0	4	6
Mir194-2	1258	875	546	112	2451	904	2216	2177	1082	1039	346	108	223	315
Mir192	1414	1874	655	171	2459	1733	1894	2312	1050	1586	911	301	312	573
mmu-mir-6989	2	4	1	1	6	0	5	2	1	3	2	0	2	0
Gm26460	1357	2098	2495	725	1530	1060	1151	720	846	734	2746	2347	425	396
mmu-mir-6990	0	0	1	0	1	1	0	1	0	0	1	1	0	0
mmu-mir-6991	0	1	1	1	0	0	0	1	0	0	0	1	0	0
Gm24951	83	102	211	83	101	65	130	55	108	79	121	127	27	33
mmu-mir-6992	8	4	2	0	3	4	2	2	4	6	0	2	3	1
Mir5136	1	4	1	3	2	4	2	3	2	5	1	3	1	2
Gm24543	0	2	1	1	0	2	0	0	0	0	0	1	0	0
Gm22369	638	753	2000	945	999	604	1358	1006	962	890	576	488	182	395
Gm24484	87	111	117	69	77	61	57	37	32	35	142	88	14	28
mmu-mir-6993	0	2	1	1	2	0	1	1	1	2	0	2	1	0
Gm22323	0	3	0	0	1	1	0	1	0	0	0	1	0	0
Gm23931	0	1	0	0	1	0	0	0	0	0	0	1	0	0
mmu-mir-496b	1	0	0	0	0	0	0	0	0	0	0	0	0	0
Gm23063	618	744	1964	918	976	594	1305	977	935	860	569	475	179	385
Gm23061	409	365	547	111	427	176	467	242	265	167	127	127	81	95
Mir204	894	974	268	82	1864	743	1768	1387	564	691	793	245	171	277
Mir1192	5	5	6	1	6	1	5	1	8	8	6	1	5	1
Mir101b	25246	26271	9434	1928	28260	27412	47722	60995	23543	30934	7899	3750	4302	6438
Gm24108	48	70	34	2	60	48	40	13	33	23	77	74	15	10
AC141640.1	24	13	15	1	7	3	5	3	3	5	11	9	0	1
Gm23334	9	3	5	0	4	7	20	8	20	6	5	7	7	1
Gm23060	578	626	1406	742	783	489	1303	912	880	771	315	300	152	339
AC125259.1	0	0	0	0	0	0	0	0	0	0	1	0	0	0
Mir107	18958	15784	9982	1658	30965	16533	22023	30715	14452	18647	4838	2277	3720	5252
Mir1950	0	1	0	0	0	0	2	0	0	1	2	0	1	0
Gm23075	12	0	0	0	0	0	24	0	0	0	1	0	0	0
Gm23800	0	0	0	0	0	0	0	0	0	0	0	0	0	0
mmu-mir-8092	0	0	1	1	1	0	0	0	1	0	1	0	0	0
mmu-mir-8091	0	0	0	0	1	1	1	0	0	0	0	2	0	0
Gm26339	463	515	1386	768	572	398	977	673	591	602	266	203	119	288
Mir3085	4	1	0	0	1	1	1	0	1	1	1	0	0	0
Gm22646	506	745	657	195	1265	885	1418	740	738	577	1767	1920	266	200
Mir5114	11	25	27	8	42	18	52	25	27	28	81	59	4	6
mmu-mir-6405	0	0	0	0	0	0	1	0	1	0	0	1	0	0
Mir146b	27178	40219	24242	5473	13857	20408	20490	16347	17781	16382	8656	6032	8008	13788
mmu-mir-6995	1	2	0	1	2	2	5	1	0	0	0	1	0	0
mmu-mir-8090	0	1	0	0	0	0	0	0	0	0	0	0	0	0
Gm22240	0	0	0	0	0	0	0	0	0	0	1	1	0	0
AC116451.1	11	7	23	8	6	8	5	3	4	4	10	11	3	5
AC131103.1	0	1	0	0	1	0	0	0	0	0	0	0	0	0
mmu-mir-6407	0	0	0	0	0	0	0	0	0	0	0	0	0	0
mmu-mir-6715	0	2	1	0	1	0	0	0	0	0	0	0	0	1
Gm26068	0	0	1	0	2	0	0	1	0	2	0	0	1	0
Mir3086	0	0	0	0	0	0	1	1	0	2	0	0	1	0
Gm25238	0	1	2	0	1	2	5	1	0	1	7	4	0	1
CU207330.1	4	8	6	1	2	0	2	1	0	1	3	4	0	0
Gm23963	43	41	16	5	37	36	23	18	25	23	54	49	9	9
Gm22072	0	0	0	0	0	2	0	1	0	1	1	2	0	0
Gm22677	1	0	1	0	0	0	0	1	3	3	0	1	0	2
Mir466m	36	45	24	7	56	41	60	40	37	29	51	79	16	12
Mir466f-1	35	58	44	11	95	54	79	66	61	56	91	112	11	16
Mir669f	40	43	22	8	35	62	17	37	46	54	11	8	12	11
Mir669e	8	7	6	0	8	12	3	8	4	11	7	7	1	4
Mir669b	17	13	6	0	14	12	6	6	10	12	4	5	3	4
Gm23578	11	6	2	3	15	11	26	13	4	5	23	39	12	4
Mir669d	22	10	10	1	12	20	19	19	8	12	3	1	5	3
Mir466f-2	91	96	62	17	312	163	234	242	126	180	148	164	42	44
Mir669l	34	22	13	5	25	40	12	36	31	30	7	5	5	6
Mir669d-2	22	10	9	1	12	14	12	13	6	10	4	2	5	3
Mir466f-3	80	100	72	19	181	114	186	105	113	80	179	244	37	29
Gm24114	31	22	12	1	11	17	10	10	13	14	0	5	5	5
Mir4660	32	25	11	1	25	29	11	22	21	25	7	9	5	5
Gm26073	0	0	1	0	0	0	0	0	0	0	0	0	0	0
Mir467c	65	60	35	3	32	55	22	30	35	46	5	18	16	11
Mir466b-1	44	36	13	2	31	36	15	26	22	31	8	7	7	6
Mir669a-3	71	50	37	10	43	86	30	63	60	76	11	14	19	18
Mir669k	0	0	0	0	0	0	0	0	0	0	0	0	0	0
Gm26491	1	0	0	0	1	0	0	0	0	1	0	0	0	0
Mir467a-1	119	107	62	13	117	131	66	92	126	146	15	23	24	41
Mir466b-8	44	36	13	2	33	37	15	26	22	32	8	7	7	6
Mir669a-1	72	52	37	10	43	86	30	65	60	75	11	14	19	18
Mir669g	2	0	0	0	0	1	1	0	1	1	0	0	1	0
Gm25701	1	2	2	0	1	3	0	0	1	0	2	3	1	0
Mir669j	0	0	0	0	0	0	0	0	0	0	1	0	0	0
Mir467a-2	119	107	62	13	117	133	66	92	126	146	15	23	24	42
Mir466e	44	36	13	2	33	37	15	26	22	32	8	7	7	6
Mir669a-4	72	52	37	10	43	86	30	65	60	75	11	14	19	18
Gm24315	1	2	2	0	1	3	0	0	1	1	2	3	1	0
Gm25451	0	0	0	0	0	0	0	0	0	0	0	0	0	0
Mir467b	119	106	60	13	109	131	66	88	124	145	14	19	23	40
Mir466c-1	44	37	13	2	32	34	15	25	21	32	7	7	7	6
Mir669a-5	72	52	37	10	43	86	30	65	60	75	11	14	19	18
Gm24761	1	2	2	0	1	3	0	0	1	1	2	3	1	0
Gm23651	0	0	0	0	0	0	0	0	0	0	0	0	0	0
Mir467a-3	119	107	62	13	117	133	66	92	126	146	15	23	24	42
Mir466c-2	44	37	13	2	32	34	14	25	21	32	7	6	7	6
Mir669a-6	72	52	37	10	43	86	30	65	60	75	11	14	19	18
Gm23108	0	0	0	0	0	0	2	0	1	1	1	1	0	0
Gm25680	1	2	2	0	1	3	0	0	1	0	2	3	1	0
Gm22775	0	0	0	0	0	0	0	0	0	0	0	0	0	0
Mir467a-4	119	107	62	13	117	133	66	92	126	146	15	23	24	42
Mir466b-4	44	36	13	2	32	36	15	26	22	31	8	8	7	6
Mir669a-7	72	52	37	10	43	86	30	65	60	75	11	14	19	18
Gm26060	1	1	0	0	0	1	1	0	1	1	1	0	1	0
Gm26431	1	2	2	0	1	3	0	0	1	0	2	3	1	0
Gm26229	0	0	0	0	0	0	0	0	0	0	0	0	0	0
Mir467a-5	119	107	62	13	117	133	66	92	126	146	15	23	24	42
Mir466b-5	44	36	13	2	31	35	15	26	21	31	6	7	7	6
Mir669p-1	44	37	22	7	38	70	22	56	49	66	12	13	16	15
Gm24167	1	0	0	0	0	0	0	0	0	0	0	0	0	0
Gm24640	1	2	2	0	1	3	0	0	1	0	2	3	1	0
Gm23288	0	0	0	0	0	0	0	0	0	0	0	0	0	0
Mir467a-6	119	107	62	13	117	133	66	92	126	146	15	23	24	42
Gm25285	44	37	13	2	32	34	14	25	21	32	7	6	7	6
Mir669a-8	72	52	37	10	43	86	30	65	60	75	11	14	19	18
Gm24673	0	0	0	0	0	0	2	0	1	1	1	1	0	0
Gm22635	1	2	2	0	1	3	0	0	1	0	2	3	1	0
Gm23569	0	0	0	0	0	0	0	0	0	0	0	0	0	0
Mir467a-7	119	107	62	13	117	133	66	92	126	146	15	23	24	42
Mir466b-6	44	36	13	2	32	36	15	26	22	31	8	8	7	6
Mir669a-9	72	52	37	10	43	86	30	65	60	75	11	14	19	18
Gm26426	1	1	0	0	0	1	1	0	1	1	1	0	1	0
Gm24488	1	2	2	0	1	3	0	0	1	0	2	3	1	0
Gm25158	0	0	0	0	0	0	0	0	0	0	0	0	0	0
Mir467a-8	119	107	62	13	117	133	66	92	126	146	15	23	24	42
Mir466b-7	44	36	13	2	31	35	15	26	21	31	6	7	7	6
Mir669p-2	44	37	22	7	38	70	22	56	49	66	12	13	16	15
Gm24028	1	0	0	0	0	0	0	0	0	0	0	0	0	0
Gm22626	1	2	2	0	1	3	0	0	1	0	2	3	1	0
Gm22166	0	0	0	0	0	0	0	0	0	0	0	0	0	0
Mir467a-9	119	107	62	13	117	133	66	92	126	146	15	23	24	42
Mir466b-2	44	36	13	2	32	36	15	26	22	31	8	8	7	6
Mir669a-10	72	52	37	10	43	86	30	65	60	75	11	14	19	18
Gm26156	2	1	0	0	0	1	0	0	1	1	1	0	1	1
Gm23571	0	0	0	0	0	0	0	0	0	0	1	1	0	0
Gm25316	0	0	0	0	0	0	0	0	0	0	0	0	0	0
Gm25022	119	107	62	13	117	133	66	92	126	146	15	23	24	42
Gm25943	44	36	13	2	32	36	15	26	22	31	8	8	7	6
Mir669a-11	72	52	37	10	43	86	30	65	60	75	11	14	19	18
Gm23988	31	16	14	3	14	24	15	26	20	24	2	8	5	7
Gm25673	0	0	0	0	0	0	0	0	0	0	0	0	0	0
Gm25753	0	0	0	0	1	0	0	0	0	0	0	0	0	0
Mir467a-10	119	107	62	13	117	133	66	92	126	146	15	23	24	42
Mir466b-3	21	18	7	1	20	19	9	16	16	17	4	4	2	3
Mir669a-12	71	52	37	10	43	84	30	65	60	75	11	14	19	17
Gm26398	0	0	0	0	0	0	0	0	0	0	1	1	0	0
Mir467e	119	97	37	3	36	59	33	66	58	91	5	17	19	16
Mir466p	36	23	12	2	15	22	12	18	11	22	1	7	6	2
Gm22051	0	0	0	0	0	0	0	0	0	0	1	3	0	0
Gm22678	0	0	0	0	1	0	0	0	0	0	0	0	0	0
Mir467d	61	60	31	3	41	56	24	32	33	45	5	20	15	15
Mir466	35	22	12	2	19	23	14	18	11	23	2	6	6	3
Gm22091	0	1	0	0	0	1	0	1	0	1	1	1	0	0
Mir297c	34	24	10	1	10	17	9	12	11	16	1	5	5	4
Mir669c	39	39	24	4	42	36	30	49	23	35	19	21	6	12
Gm24342	301	387	298	83	892	625	827	741	448	536	746	760	150	150
Gm25263	20	23	16	5	24	44	11	30	30	34	11	4	8	5
Mir669a-2	71	53	37	10	44	84	31	65	60	75	13	14	19	18
Gm22239	306	454	525	182	712	546	756	395	402	350	1157	1073	154	129
Gm22925	20	14	6	3	25	19	29	18	10	14	21	32	7	7
Gm23542	28	41	22	4	72	38	64	44	38	26	56	84	4	17
Mir297b	31	24	10	1	7	12	11	9	8	12	3	4	5	4
Mir466d	30	27	14	6	37	23	15	21	15	27	17	19	4	3
Gm26092	71	52	37	10	43	84	30	65	60	75	11	14	19	17
Mir669m-1	9	9	3	0	7	10	4	5	8	7	0	3	1	4
Mir669m-2	9	9	4	0	9	13	5	4	11	8	1	4	1	3
Mir466n	1	2	4	0	3	4	1	2	2	5	1	3	0	0
Mir669o	82	57	38	11	45	87	35	72	63	77	16	17	18	18
Mir466g	10	14	9	5	10	8	16	10	11	14	18	19	2	6
Mir466h	8	12	13	4	20	10	14	11	17	13	16	19	0	1
Mir297a-3	31	23	13	1	12	19	10	13	13	15	2	6	6	5
Mir466l	2	3	0	0	0	3	1	1	0	0	1	2	0	0
Mir297a-4	32	23	12	1	12	19	10	11	13	14	1	6	6	5
Gm24806	0	0	0	0	0	0	0	0	0	0	1	0	0	0
Mir669i	0	0	0	0	0	0	0	0	0	0	0	0	0	0
Mir669h	48	59	32	13	105	66	107	66	56	53	114	144	21	17
Mir511	722	461	527	126	378	552	449	614	586	612	61	53	176	313
Gm24933	1	1	1	1	0	1	0	1	0	0	1	0	0	0
mmu-mir-6419	0	0	0	0	2	0	0	0	0	0	0	0	1	0
mmu-mir-7655	1	5	1	0	6	4	0	1	2	3	1	0	2	1
Gm23638	1674	2493	3012	914	2108	1352	1612	1008	1143	1017	3193	2750	514	545
Gm23636	313	508	498	145	839	577	916	510	464	402	1171	1256	175	133
Gm24604	1000	1435	1527	491	2447	1750	2662	1337	1351	1082	3732	3701	506	413
Gm22875	1069	1521	1622	419	1381	857	1068	687	788	676	1857	1588	314	324
Gm24328	0	0	0	1	0	0	0	0	0	0	0	0	0	0
mmu-mir-7664	1	0	0	0	1	0	0	2	0	1	0	0	0	0
mmu-mir-6996	4	4	3	1	4	2	9	3	1	3	3	4	0	1
Mir126	26331	38899	21404	4599	85221	56645	61923	81473	42829	60837	18482	10216	9816	18509
Gm24049	7487	4915	21684	31352	10117	5812	13704	16845	13068	12229	6132	3902	2910	6790
mmu-mir-7578	0	0	0	0	1	0	0	0	0	0	0	0	0	0
Gm22824	647	972	936	279	1588	1119	1755	930	905	738	2355	2388	332	254
Mir3088	2	1	0	0	1	1	3	3	1	3	0	1	0	1
mmu-mir-133c	15	22	2	2	10	27	30	77	6	27	9	9	4	8
Mir219-2	19	20	14	0	16	30	22	18	16	16	4	4	3	12
AL928926.1	0	1	0	0	2	0	0	1	0	0	0	0	0	0
mmu-mir-6997	1	3	1	1	3	1	1	2	3	3	2	1	0	0
Gm23489	420	637	637	187	1094	765	1158	629	631	500	1551	1612	224	178
Mir3089	1	5	3	1	5	3	3	9	5	6	7	1	3	4
mmu-mir-6998	2	2	0	0	1	0	1	5	2	0	2	0	0	1
mmu-mir-7674	0	1	1	0	1	0	1	2	0	0	0	1	0	0
AL808027.1	192	231	199	32	156	109	177	98	116	81	279	231	41	51
Gm23363	0	0	0	0	2	0	0	0	0	1	0	1	0	1
Mir199b	69920	69502	37514	9865	202620	169036	145346	239704	99142	190447	40798	20996	20957	33675
Mir1954	175	284	226	46	205	160	189	126	130	118	397	313	64	48
mmu-mir-8093	0	0	1	0	0	0	2	0	0	0	1	1	0	2
Mir2861	4	4	0	1	6	2	4	1	2	2	3	2	2	1
Gm25998	0	2	0	0	0	0	0	0	0	0	0	0	0	0
Mir5128	32	39	36	19	33	13	24	22	21	9	48	39	5	15
Gm24243	1686	2504	3003	912	2123	1339	1612	1032	1143	1024	3213	2781	515	561
Mir181a-2	16738	16819	5261	1326	54785	21255	27640	39662	10308	20179	10406	2478	2607	5287
Mir181b-2	5419	5899	2819	793	22031	9394	10531	15594	5178	9248	4478	1280	1275	2336
mmu-mir-6336	0	0	0	0	0	0	0	0	0	0	0	0	0	0
Mir5129	9	15	17	3	25	19	12	19	12	16	4	5	6	11
Gm25959	77	91	133	42	72	46	64	47	38	38	139	101	16	18
Gm22095	0	0	1	0	0	1	0	1	0	0	1	2	0	0
mmu-mir-195b	173	165	71	15	577	222	389	526	152	198	103	21	40	59
Gm23842	651	926	838	251	1824	1276	1855	1241	966	949	2107	2188	342	300
Gm22712	109	168	122	36	266	170	308	179	141	136	346	435	56	40
Gm22403	7	14	12	1	20	9	23	10	21	8	21	33	9	1
mmu-mir-6337	0	0	0	0	1	0	0	0	0	0	0	0	0	0
mmu-mir-7224	0	1	0	0	2	1	0	0	0	2	0	0	0	0
mmu-mir-6335	0	0	0	0	0	0	0	0	0	0	0	0	0	0
Gm25960	1308	1973	2145	588	1722	1058	1289	784	931	815	2421	2119	391	436
Mir10b	23584	26105	16656	3512	50207	28812	31923	53197	17201	31476	14998	5368	5840	9086
Gm24574	5	6	6	0	1	1	4	3	1	1	2	3	2	1
Gm23164	232	328	298	85	591	417	650	338	339	265	814	868	118	91
Gm25972	88	98	143	54	92	65	72	46	50	48	166	108	21	26
Mir130a	367	322	119	30	780	364	618	722	254	382	126	55	65	109
Gm24332	88	104	152	57	92	63	73	50	52	47	171	114	24	26
AL928966.1	4	2	0	0	0	0	2	2	1	1	0	2	0	1
mmu-mir-6999	0	0	0	1	0	0	0	1	0	0	1	0	0	0
Mir1955	8	4	3	1	9	7	4	5	1	7	1	0	5	0
mmu-mir-7000	0	0	0	0	1	0	2	0	0	1	0	1	0	0
mmu-mir-7221	0	0	0	0	0	0	0	0	0	0	0	0	0	0
mmu-mir-7222	1	0	0	0	0	0	0	0	0	0	0	0	0	0
mmu-mir-7001	1	1	1	0	2	1	0	0	0	0	2	1	0	0
Gm23487	323	507	513	165	758	517	926	467	443	379	1222	1296	183	123
Gm23630	117	172	139	35	299	194	330	185	175	137	345	448	69	42
Mir129-2	173	188	38	10	64	87	36	44	64	57	18	25	19	26
Mir670	2	1	0	0	0	0	0	0	0	0	1	0	0	0
Gm22757	10	27	20	4	6	11	10	6	9	8	11	15	1	3
Gm22761	14	20	33	11	12	13	8	9	12	12	15	15	4	4
Mir1902	2	5	9	3	5	3	5	3	7	4	5	6	1	3
Gm22002	1178	1751	1839	482	1251	889	984	632	702	615	2228	1981	337	363
Gm24115	4	4	1	3	0	1	2	2	1	3	1	2	0	1
mmu-mir-7002	2	0	0	0	1	0	1	0	0	3	0	1	0	0
Mir1951	0	0	0	0	0	0	0	0	0	0	0	0	0	0
Mir674	554	593	273	58	1348	835	763	1003	611	777	328	164	153	287
Gm22800	197	304	259	68	519	340	566	331	330	255	656	729	103	83
mmu-mir-7665	0	1	0	0	0	0	0	0	0	1	0	0	0	0
Gm22953	2	5	13	4	5	2	1	2	2	2	8	10	1	2
Gm24603	344	598	609	186	902	615	1060	547	527	458	1403	1464	212	161
Mir147	262	311	78	13	4	24	5	12	24	39	2	4	26	33
mmu-mir-3473g	3	6	3	2	5	5	3	2	2	5	1	3	0	1
Gm24081	1426	2143	2439	690	1847	1166	1347	901	979	881	2737	2281	428	453
Gm22411	1263	1944	2355	701	1484	1062	1078	703	794	715	2613	2182	397	405
Gm22859	761	1129	1112	322	1627	1176	1788	922	929	785	2462	2466	356	297
mmu-mir-6339	0	0	0	0	0	0	0	0	0	0	0	0	0	1
Gm23876	65	17	37	2	35	29	47	11	47	32	23	32	15	0
mmu-mir-6973b	0	0	0	0	0	0	0	1	0	0	0	0	0	0
Mir103-2	19895	16539	10523	1776	32024	17321	22562	31813	14899	19521	5022	2359	3928	5542
Mir3090	1	0	1	0	0	0	2	2	1	3	0	0	0	0
Mir1952	0	0	0	0	0	0	0	0	0	0	0	0	0	0
Gm24823	257	376	336	99	641	444	723	382	381	293	893	975	136	103
Gm25026	7	19	16	1	12	9	14	4	7	5	78	62	3	2
AL845297.1	0	0	0	0	0	0	1	0	0	0	0	0	0	0
Mir1953	3	2	3	0	2	4	0	4	4	1	1	0	2	2
Gm23802	80	92	136	44	69	50	68	48	44	41	150	106	16	18
Gm24421	0	2	0	1	0	1	1	0	1	0	2	2	0	0
Mir695	0	0	0	0	0	0	0	0	0	0	0	0	0	0
Mir499	57	33	10	4	31	61	23	51	20	53	12	3	10	29
Gm22759	42	92	128	38	51	39	50	24	33	25	95	78	5	17
Gm22758	50	89	141	47	58	39	49	30	40	27	99	85	6	15
Gm23134	6	6	8	1	23	12	12	30	13	14	8	5	4	2
mmu-mir-7685	0	1	0	0	1	2	0	1	0	0	0	0	0	0
Mir3474	2	2	1	0	7	2	5	5	1	0	1	1	0	3
Gm26141	889	1353	1337	323	984	739	734	473	540	506	1704	1554	269	262
Gm23968	1073	1537	1676	428	1451	840	1087	679	793	708	1929	1607	315	372
mmu-mir-7003	0	0	0	0	0	0	1	0	0	0	0	0	0	0
Gm22174	1289	2008	2208	604	1444	1017	1057	662	776	697	2598	2269	389	378
mmu-mir-7678	13	8	1	0	0	0	1	0	0	2	2	0	1	0
Gm22692	1540	2303	2704	780	1961	1259	1506	960	1085	946	2947	2503	474	504
Gm23135	319	467	438	123	775	550	867	444	458	361	1104	1163	172	123
Gm22355	859	1261	1101	236	1188	712	866	572	667	582	1460	1321	256	291
Gm24327	231	426	291	37	296	230	178	118	162	123	489	475	59	81
Gm24561	115	132	115	24	228	157	267	142	162	112	257	343	60	30
Gm26469	23	16	13	8	42	24	50	21	39	15	49	65	13	7
Gm22773	169	244	152	24	170	137	137	74	127	86	321	293	30	49
mmu-mir-6340	1	2	2	1	0	0	0	0	2	0	2	2	0	0
AL593857.1	11	18	11	3	27	14	22	22	21	21	27	33	7	3
Mir296	14	20	12	5	86	109	31	50	63	98	10	27	7	19
Mir298	8	24	32	3	20	122	25	22	95	96	5	17	16	21
Gm22071	891	1287	1338	425	2193	1563	2388	1210	1220	960	3302	3305	450	365
mmu-mir-7005	0	0	0	0	2	0	0	1	0	0	0	0	0	0
Mir3091	1	1	3	1	0	6	2	1	3	3	0	0	1	0
Mir1a-1	87250	170812	33829	8865	135135	110485	114568	385270	63974	130813	39472	10049	16034	25878
Mir133a-2	9048	10196	2986	908	18504	10232	15739	39345	7848	13698	5970	2025	1517	2699
Mir124a-3	7	4	1	0	15	11	20	24	3	15	2	0	2	0
mmu-mir-7006	1	0	2	0	3	3	1	2	3	0	1	0	1	2
CAAA01031290.1	1	0	0	0	0	0	0	0	0	0	0	0	0	0
AC175117.1	0	0	0	0	0	0	0	0	0	0	0	0	0	0
Gm23237	744	1213	1328	423	1901	1313	2103	1055	1001	898	2955	2951	418	312
Gm23976	88	100	134	50	85	61	75	51	47	45	158	111	21	24
Gm23937	687	993	1007	317	1685	1180	1854	970	945	762	2476	2545	356	274
Gm25352	3	3	1	2	0	1	2	2	1	3	1	1	0	1
Gm25144	3	3	1	2	0	1	2	2	1	3	1	1	0	1
Gm23147	4	3	1	2	0	1	2	2	1	3	1	1	0	1
Gm24954	5	4	1	1	0	1	2	2	1	2	1	1	0	1
Gm22547	82	92	117	44	79	54	67	46	44	44	144	100	21	24
Gm24694	4	4	2	1	0	1	2	2	1	2	2	1	0	1
Mir124a-2	7	4	1	0	15	11	20	24	3	15	2	0	2	0
Gm23726	50	59	84	24	64	38	45	33	29	27	95	69	11	16
mmu-mir-7007	17	18	10	2	52	27	36	42	11	27	27	5	8	9
Gm25773	0	0	0	0	0	0	0	0	0	0	0	0	0	0
Mir3092	2	1	1	0	0	1	1	0	0	1	0	0	0	0
Mir446q	308	493	495	140	837	570	910	492	460	386	1172	1236	171	133
Mir551b	0	0	0	0	0	0	0	1	0	0	0	0	0	0
mmu-mir-21b	13	19	7	3	9	31	19	17	17	21	7	10	3	10
mmu-mir-7008	1	2	0	0	3	3	8	7	3	3	0	0	0	1
AC113989.1	200	223	196	44	154	110	146	84	113	81	270	228	39	51
mmu-mir-6378	0	0	0	0	0	0	0	0	0	0	0	0	0	0
Gm25442	847	1241	1090	249	1140	725	845	568	643	559	1400	1265	238	277
mmu-mir-7009	1	0	0	0	1	3	0	1	1	3	3	0	1	0
Gm24169	1	2	1	5	0	1	1	1	0	3	1	1	0	0
Gm24462	0	1	0	2	0	1	1	0	0	0	1	1	0	0
Gm23810	501	720	763	247	1236	886	1336	670	677	534	1888	1866	255	205
AC166813.1	23	14	16	1	9	3	6	2	4	4	13	8	3	1
mmu-mir-6379	0	0	0	0	0	0	0	0	0	0	0	0	0	0
Gm24282	4	1	0	1	2	2	2	1	4	4	4	1	2	0
Gm22029	85	92	103	57	73	51	47	37	25	29	115	79	12	26
mmu-mir-6377	0	0	0	0	0	0	0	0	0	0	0	1	0	0
mmu-mir-8120	3	4	2	0	8	3	4	1	4	1	2	1	1	2
Mir15b	2239	1656	969	204	2568	1639	1816	2107	1141	1492	476	234	465	632
Mir16-2	11401	9076	6121	1146	15027	9772	19442	18878	10044	10943	2422	1784	2040	3124
Gm24544	2	2	0	0	0	0	0	1	0	0	0	1	0	0
Gm25749	0	0	0	0	0	0	0	0	1	0	0	0	0	0
mmu-mir-7010	2	1	0	0	1	0	1	3	1	0	0	0	0	0
Mir466k	66	91	74	17	160	106	182	110	107	75	179	244	36	19
Gm24109	0	0	0	0	0	0	0	0	0	0	0	0	0	0
Mir3093	0	0	0	0	0	0	0	0	0	0	0	0	0	0
Gm25641	132	96	65	14	181	170	126	213	127	134	62	28	27	40
mmu-mir-7011	1	0	0	0	0	1	0	1	0	0	2	0	2	1
Mir1905	1	0	0	0	0	0	0	0	0	0	0	0	0	0
Mir92b	2160	1573	433	184	1815	2058	1055	2227	735	1967	287	210	394	658
mmu-mir-7669	3	0	1	1	3	3	7	3	2	2	5	2	3	2
Mir190b	26	15	6	1	22	15	14	20	5	19	5	2	3	2
mmu-mir-7012	2	0	1	1	0	0	1	2	0	1	0	0	0	2
Gm23697	0	2	1	1	0	1	0	1	0	0	0	0	0	0
Gm25145	4	4	1	1	0	1	2	2	1	2	0	2	0	1
Gm23784	427	658	679	207	1114	778	1197	630	616	513	1620	1633	226	176
Gm22752	13	24	44	11	4	11	3	5	10	5	19	24	4	4
mmu-mir-7013	2	1	0	0	1	3	1	1	1	0	0	1	0	0
mmu-mir-8099-2	0	1	0	1	0	0	2	1	2	0	3	1	1	0
mmu-mir-7014	1	1	1	0	4	2	2	1	0	2	2	0	0	1
mmu-mir-7225	1	2	1	1	1	0	3	1	1	0	6	2	0	0
mmu-mir-6481	1	0	3	0	0	0	0	1	1	2	0	0	0	0
Gm25325	0	0	0	0	1	0	1	0	0	0	0	0	0	0
Gm22860	119	180	82	12	110	94	97	58	76	52	196	154	31	34
Gm25347	75	96	95	54	74	51	40	35	22	30	115	77	9	23
Mir669n	2	0	1	0	3	1	1	1	1	1	2	1	0	0
Gm22408	0	0	0	0	0	0	0	0	0	0	0	0	0	0
Gm24811	292	384	351	100	645	468	739	378	406	304	912	1004	152	102
Mir137	9	3	2	0	15	11	10	21	3	8	5	0	0	1
Gm24155	0	0	0	0	0	0	0	0	0	0	0	0	0	0
Gm24744	83	94	105	62	72	53	53	35	29	32	122	81	12	26
Gm26137	72	86	86	50	57	49	38	33	20	30	108	72	9	22
Gm23869	35	50	39	12	77	51	108	55	49	37	92	138	24	16
Gm22903	78	86	130	48	72	49	62	50	45	44	140	104	17	18
Mir760	3	5	4	1	13	10	6	9	5	3	1	4	1	3
Gm22066	3	3	1	2	0	1	2	2	1	3	1	1	0	1
Mir302b	0	0	0	0	0	1	1	0	0	0	0	0	0	1
Mir302c	0	0	0	0	0	0	0	0	0	0	0	0	0	0
Mir302a	0	0	0	0	0	1	0	0	0	0	0	0	0	1
Mir302d	0	0	0	0	0	0	0	0	0	0	0	0	0	1
Mir367	0	0	0	0	0	0	0	0	0	0	0	0	0	0
Gm24515	6	5	8	4	0	2	0	0	0	5	5	0	5	0
Gm25042	63	83	96	56	59	47	49	27	22	23	119	76	10	21
Mir1895	2	3	0	0	3	4	5	2	0	1	18	17	3	1
Gm24048	672	789	2113	1018	1043	633	1387	1039	1004	927	635	541	196	411
Gm22468	80	82	88	51	67	43	39	32	25	26	108	67	11	24
mmu-mir-6380	5	4	6	0	3	7	7	6	3	2	7	5	2	1
Mir1956	1	2	1	0	1	4	4	2	0	3	1	2	1	1
mmu-let-7j	31	45	22	6	54	38	42	62	29	47	12	9	10	16
mmu-mir-6381	0	0	0	0	1	1	0	0	1	0	1	0	0	0
Gm22901	582	893	964	301	1465	1036	1613	843	793	681	2220	2237	314	243
Mir3963	4	4	5	1	7	6	1	1	3	1	3	4	3	1
AC102738.1	0	1	0	0	0	0	0	0	0	1	0	0	0	0
Mir186	1479	1279	861	179	1685	1750	1219	1883	993	1576	429	257	328	485
CU207377.1	0	2	0	0	0	0	0	1	0	1	0	0	0	0
Mir3471-2	52	60	84	24	51	37	35	26	28	30	86	54	13	15
Gm25355	74	92	144	41	80	47	72	47	39	37	150	109	15	19
Gm25677	0	0	0	0	0	0	0	1	0	0	0	3	0	0
Mir3471-1	36	39	53	15	41	28	31	26	18	18	60	53	5	11
Gm25002	26	4	2	0	9	10	9	1	19	14	12	4	2	0
Gm26250	4	0	0	0	5	0	2	0	3	2	1	0	0	0
Gm23162	680	1010	951	307	1644	1172	1862	954	930	754	2435	2570	354	271
Gm24567	86	107	104	62	75	61	48	36	24	34	130	91	12	22
mmu-mir-6400	0	0	0	0	0	1	0	0	0	0	2	0	0	0
Gm22690	411	608	571	164	1039	708	1135	597	606	470	1436	1552	216	169
Gm24078	5	8	3	0	0	2	1	1	2	1	2	1	2	0
Gm25978	0	0	0	0	0	0	0	0	0	0	0	0	0	0
Gm26067	0	2	1	1	0	1	0	0	0	1	1	0	0	0
Gm22831	1	2	0	2	0	1	0	0	0	1	0	0	0	0
mmu-mir-8118	2	1	1	2	2	3	2	1	3	1	1	5	0	0
Gm23304	91	113	119	71	80	62	59	38	33	36	145	90	15	29
Mir876	0	0	0	0	0	0	0	0	0	0	0	0	0	0
Mir873	0	2	0	0	5	0	3	4	1	1	0	0	0	0
Mir207	1	0	0	0	0	0	0	0	0	0	0	0	0	0
Mir5123	18	18	12	22	14	23	13	37	9	38	4	6	2	6
Gm24112	10	7	8	21	6	14	5	16	4	17	1	8	0	0
Gm25931	8	6	7	15	8	13	4	15	4	17	1	4	0	0
Mir3094	4	4	4	1	5	2	10	8	3	2	4	1	0	2
Gm25262	0	1	0	0	0	1	0	1	0	0	0	1	0	0
Mir5106	0	0	0	0	0	0	1	1	0	0	0	1	0	0
Mir5120	0	0	0	0	0	0	0	0	0	0	0	0	0	0
Gm22639	1451	2180	2546	740	1899	1180	1413	927	1019	910	2791	2337	445	479
Gm25692	1369	2099	2353	669	1536	1075	1165	722	824	747	2765	2401	413	416
Gm22518	0	0	0	0	0	0	0	0	0	0	0	0	0	0
Gm24560	399	589	573	168	958	684	1059	568	567	459	1371	1412	206	158
Mir1958	0	2	0	0	0	0	0	2	1	2	0	0	0	0
Mir32	532	641	260	56	267	774	1008	669	855	822	134	74	125	228
Mir3095	4	3	5	0	13	7	8	6	5	5	5	2	3	1
Mir455	6288	7943	2705	806	28759	16012	14287	23306	6187	17034	5762	1968	1473	2587
Gm23159	121	254	146	11	196	153	105	67	100	84	312	327	36	52
AL844604.1	0	0	0	1	0	0	0	0	0	0	0	0	0	0
Gm22402	662	783	2102	1008	1037	633	1376	1032	993	919	631	539	192	410
Gm23154	26	39	50	0	14	39	56	26	27	15	42	39	13	25
Mir491	5	1	2	0	17	13	4	8	4	4	1	0	2	2
Mir31	559	518	1058	306	529	2120	272	782	1751	2194	68	369	497	987
mmu-mir-6402	0	0	0	0	1	0	0	0	1	0	0	0	0	0
Gm22619	4	4	1	2	0	1	2	2	1	3	1	2	0	1
Mir872	1900	2337	990	205	4660	3349	4862	5288	2371	3196	957	510	505	965
Gm25997	717	1049	1062	320	1758	1244	1918	1016	998	808	2546	2625	371	289
Gm22625	1397	2133	2551	760	1562	1108	1201	763	863	742	2835	2441	423	418
Gm26154	161	190	586	213	258	189	463	287	294	258	97	96	58	108
Gm23366	0	0	0	0	1	0	0	0	0	0	0	0	0	0
Mir101a	26005	27257	9650	1972	29008	28593	49066	63348	24019	32171	8191	3896	4405	6606
Gm23064	80	96	152	40	79	49	74	49	40	37	147	115	21	19
Gm24804	1	0	3	0	2	1	1	1	1	1	2	0	0	0
Gm25123	93	110	120	65	77	55	56	38	29	33	139	85	13	29
mmu-mir-6397	0	0	0	0	0	0	0	1	0	1	0	0	0	0
Mir761	0	0	1	0	1	0	1	0	0	0	0	1	0	0
Gm22398	1641	2439	2915	877	2069	1311	1545	981	1110	999	3118	2668	500	530
Gm25559	0	0	0	0	1	0	0	0	0	0	0	0	0	0
mmu-mir-7226	12	20	13	3	22	15	3	12	2	21	4	1	4	5
Mir1957	481	433	127	22	53	59	655	240	288	185	20	32	58	77
Mir30c-1	14661	14550	9150	1960	46065	22588	18734	29767	8352	18754	8563	2196	3848	6520
Mir30e	66615	81418	39706	8495	139547	95322	112270	177610	55925	102846	37179	15592	16042	26953
Gm23936	4	3	1	2	0	1	2	2	1	3	1	1	0	1
mmu-mir-6398	0	0	1	0	2	0	1	0	0	0	0	2	0	0
Mir697	0	0	0	0	0	0	0	0	0	0	0	0	0	0
Gm24721	4	4	1	3	0	1	2	2	1	3	1	2	0	1
Mir698	0	0	0	0	0	0	0	0	0	1	0	0	0	0
Mir692-2a	34	51	101	39	12	24	10	7	23	16	38	40	13	10
Gm22033	671	976	1036	340	1654	1171	1793	916	897	723	2499	2487	336	279
mmu-mir-7119	0	0	1	0	0	0	0	0	1	1	2	0	0	0
Gm22994	16	16	11	4	19	19	15	7	14	7	29	29	4	2
mmu-mir-8119	0	0	0	0	0	0	0	0	0	0	0	1	0	0
mmu-mir-7016	0	0	0	0	0	2	2	0	0	0	0	0	0	1
AL669834.1	1550	2257	2586	745	1923	1207	1429	929	1024	936	2803	2460	446	501
AL669981.1	34	27	26	7	28	21	49	27	16	15	25	27	12	13
Gm25707	443	532	387	60	850	404	591	490	463	401	416	317	130	175
mmu-mir-7017	4	0	2	0	4	4	1	3	2	3	0	0	0	0
Mir5122	4	4	4	2	5	3	1	1	2	1	4	2	0	4
Gm23158	1037	1524	1591	418	1392	839	1062	656	781	663	1855	1642	295	355
Gm23634	1	1	0	0	1	1	0	0	0	0	0	0	0	0
mmu-mir-6403	0	0	0	0	0	0	0	0	0	0	1	0	0	0
Mir700	122	136	52	14	264	206	210	278	120	172	86	48	37	70
Gm25317	0	0	0	0	0	0	0	0	0	0	0	0	0	0
Gm22180	7	5	12	2	2	0	4	2	1	0	4	2	1	1
Gm25399	0	11	0	0	0	0	0	0	0	0	1	0	0	0
Gm23263	0	1	0	0	0	0	0	0	0	0	1	0	0	0
mmu-mir-7018	1	0	0	0	0	1	2	2	2	5	0	0	0	0
mmu-mir-6399	4	2	1	0	3	2	0	1	0	1	0	1	0	0
mmu-mir-7019	0	1	2	0	4	2	0	4	0	1	0	0	0	0
AL807249.1	1	1	0	0	0	2	1	0	0	2	7	1	0	0
Gm25732	695	1125	1217	262	1091	803	812	461	851	594	1903	2793	232	298
Gm24245	5438	11105	14806	8787	10320	4418	9881	6460	7555	5710	20959	17112	2550	4711
Gm25571	84	94	138	50	84	56	70	45	43	45	155	110	23	22
mmu-mir-7020	0	3	1	0	2	0	1	2	1	0	2	0	1	0
Mir2139	0	0	0	0	0	0	0	0	0	0	1	1	0	0
Gm23045	408	588	378	60	677	361	499	336	383	340	580	447	131	155
Gm25951	1	3	3	2	3	2	2	0	2	0	1	4	1	1
Gm25690	186	242	103	16	134	131	117	65	100	68	245	244	42	46
mmu-mir-7022	0	0	0	0	0	1	0	1	0	1	0	0	0	0
Gm25191	1	1	0	0	2	2	1	0	0	0	0	2	0	0
mmu-mir-7023	1	0	0	0	0	3	1	0	0	0	1	0	0	0
Mir34a	299	292	176	50	934	896	2027	1668	737	977	155	128	98	125
Gm25779	0	0	0	0	0	0	0	0	3	0	1	0	0	0
AL670236.1	1313	2017	2272	633	1458	1045	1101	681	803	699	2638	2295	394	385
Gm22991	89	111	118	70	79	61	57	37	33	35	143	88	14	29
Mir429	3266	2701	1393	349	4890	4309	6318	6004	3299	4306	1925	1113	721	1186
Mir200a	21196	19493	8434	2232	33365	32895	45338	45955	23355	33564	12956	5630	4100	7608
Mir200b	18167	20668	14893	2532	50170	26177	42365	40674	24682	27669	14912	6555	5570	8254
mmu-mir-7658	5	1	0	1	1	0	1	4	0	0	0	1	0	0
Gm26238	113	167	137	33	296	190	335	189	197	140	334	434	71	45
Gm22926	0	0	0	0	0	0	2	0	0	0	0	0	0	0
Gm25037	127	203	178	50	296	209	377	200	217	157	437	529	83	54
Gm25233	569	831	891	286	1378	986	1507	755	758	614	2112	2077	289	237
Gm22196	56	95	65	15	165	82	181	109	101	70	177	230	35	25
Gm24196	3	3	2	2	0	1	2	2	1	2	2	1	0	1
Mir879	32	14	9	0	21	26	41	35	14	17	3	2	2	4
Gm23243	4	4	1	3	0	1	2	2	1	3	1	2	0	1
Gm24054	3	5	2	1	4	2	5	1	6	3	6	6	2	0
AC158942.1	2	2	2	1	1	1	0	2	2	0	1	0	0	0
Mir671	54	77	51	9	181	154	103	136	73	123	44	24	17	34
Gm26051	630	908	945	312	1538	1095	1677	858	857	687	2337	2347	319	257
Gm23801	59	68	107	29	70	50	51	45	33	33	107	79	13	16
Mir1960	1	1	0	0	1	1	3	0	0	2	1	0	0	0
Gm23930	0	2	1	0	0	0	0	1	0	2	1	0	0	0
mmu-mir-3473e	6	2	3	0	4	0	2	1	3	1	2	2	0	2
mmu-mir-7024	1	0	0	0	3	3	0	2	0	0	0	0	0	1
mmu-mir-7036b	0	0	1	0	0	1	1	1	0	0	1	1	0	1
Mir467g	17	18	11	4	12	14	20	28	26	24	7	4	8	5
Mir3097	28	28	14	3	51	31	31	50	17	31	8	12	6	12
mmu-mir-7689	4	15	3	0	6	8	8	12	6	11	3	0	2	7
mmu-mir-6414	0	0	0	0	0	0	0	0	0	0	0	0	0	0
Mir218-1	3604	4080	1978	461	5904	5441	6864	6797	4188	5500	2099	1182	1156	1939
mmu-mir-8117	8	8	8	0	7	1	2	1	0	1	8	6	1	0
Gm22976	382	536	508	163	892	645	1020	513	516	416	1346	1386	201	143
mmu-mir-6417	0	0	0	0	0	0	0	1	0	0	0	0	0	0
Gm23967	158	249	163	18	215	154	146	81	112	83	300	311	53	51
Gm22395	614	903	711	126	922	554	651	431	518	457	978	828	169	230
Gm25306	15	18	3	1	30	15	16	21	12	15	5	13	3	7
Mir574	237	276	144	42	1173	540	873	1124	456	680	301	208	97	142
Gm25952	64	104	54	6	80	66	46	27	40	31	110	97	18	18
Gm23841	0	0	0	0	0	0	0	0	0	0	0	0	0	0
Gm23617	282	438	357	97	766	503	813	492	469	370	912	1080	157	116
Gm24368	0	0	0	0	0	0	0	0	0	0	0	0	0	0
mmu-mir-7025	1	3	4	1	0	0	1	0	1	1	1	3	1	0
Gm25374	5	11	5	0	6	6	7	4	6	4	4	9	2	1
Mir5098	568	849	1108	309	692	480	560	361	375	360	1226	1011	196	166
Gm22048	547	819	790	239	1394	958	1508	821	804	651	1956	2054	290	225
Mir1187	24	40	27	10	68	28	73	50	48	35	67	80	10	13
Gm24322	21	16	17	2	26	17	23	10	32	26	33	31	6	1
mmu-mir-6415	0	0	0	0	0	0	1	0	0	0	0	0	0	0
Mir1961	1	1	0	0	1	1	2	3	0	0	1	1	0	0
Gm23222	0	0	0	0	0	0	0	0	0	0	0	1	0	0
Gm23866	0	0	1	0	0	0	0	1	2	1	0	0	0	0
Gm23616	4	4	1	1	0	1	2	2	1	3	1	1	0	1
AC137947.1	885	669	552	137	475	419	955	520	884	641	576	939	278	452
mmu-mir-7026	0	3	1	1	5	6	4	3	5	3	3	0	2	2
Mir701	28	17	18	4	50	40	49	46	26	31	6	1	4	12
mmu-mir-7027	1	0	0	0	0	1	0	0	1	1	0	0	0	1
mmu-mir-7028	0	0	1	0	2	0	0	0	0	0	0	0	0	0
mmu-mir-6240	25898	37734	51053	16216	32866	19503	41203	21048	28518	20529	79838	70916	8202	11521
mmu-mir-7029	2	0	1	0	1	3	1	0	3	2	2	0	0	0
mmu-mir-7030	8	10	5	0	6	8	7	4	4	10	5	3	3	5
Gm26455	0	0	0	0	0	0	0	0	0	0	0	0	0	0
Gm26474	43	55	36	11	99	47	104	62	88	36	100	133	24	14
Gm22907	1364	2101	2477	730	1524	1085	1166	728	846	730	2778	2398	417	411
mmu-mir-7031	1	2	1	0	0	0	0	1	1	1	3	0	1	0
mmu-mir-8115	19	27	14	2	23	11	27	7	15	6	21	22	5	7
mmu-mir-7647	2	2	1	2	2	2	4	2	5	0	6	1	1	0
mmu-mir-7032	0	0	0	0	1	1	0	3	0	1	0	0	0	0
AC127339.1	1	1	0	0	1	0	3	2	1	0	6	4	0	1
AC119268.1	0	2	0	0	3	1	0	0	0	0	1	1	0	0
Gm22735	724	1081	1010	296	2041	1414	2062	1412	1111	1102	2399	2462	387	343
Gm22905	0	0	0	0	0	0	0	0	0	0	0	0	0	0
Mir3965	9	11	6	1	4	13	14	8	66	33	5	3	4	7
Gm26340	671	786	2118	1024	1044	633	1388	1040	1003	927	637	540	197	412
Gm25315	46	54	43	8	98	57	113	82	119	49	83	135	30	17
mmu-mir-7033	1	1	0	0	1	1	1	1	1	2	1	0	0	1
mmu-mir-7034	5	9	2	0	4	4	0	0	2	1	3	4	2	2
Gm23268	301	522	375	48	387	282	242	169	228	180	651	599	81	102
mmu-mir-7035	0	2	1	0	1	0	0	1	1	1	3	3	0	0
Mir702	3	8	8	1	10	8	6	6	9	7	3	4	1	2
mmu-mir-8116	0	2	0	0	0	1	1	0	1	0	0	0	0	0
mmu-mir-7036	0	2	2	0	0	0	0	1	0	1	0	0	0	0
mmu-mir-6418	4	4	14	3	8	6	10	10	4	10	7	5	2	2
Mir25	9134	7877	3220	750	13857	8003	8529	12150	5222	7498	4042	1434	1816	2718
Mir93	10953	7376	7830	1136	10112	7264	9772	10664	6651	7105	1625	1110	1976	2768
Mir106b	3091	2107	844	234	2285	2226	2958	3021	1879	2490	500	337	458	761
Gm24082	2	1	3	0	2	2	3	4	0	3	4	6	0	1
Mir339	1493	1170	763	151	2560	1640	1604	2014	1197	1470	404	205	313	513
mmu-mir-7037	1	0	0	0	0	0	1	0	0	0	0	1	0	0
mmu-mir-7038	0	1	0	0	0	1	1	0	0	0	0	0	0	0
Gm26113	4	2	0	0	0	0	0	0	1	1	3	5	1	3
mmu-mir-7039	1	0	1	0	0	0	0	1	0	1	0	0	0	0
mmu-let-7k	2110	2165	459	173	8021	2086	4302	5451	1295	2126	1040	286	380	731
Gm26463	96	114	177	62	104	72	83	56	56	50	187	124	29	29
Gm23551	78	91	95	51	54	46	48	31	25	24	113	63	9	27
Mir653	8	8	2	0	6	6	15	21	10	10	8	4	1	1
Mir489	0	0	0	0	0	0	2	0	0	0	0	0	0	0
Gm24104	9	6	14	3	2	5	1	1	8	2	3	5	0	4
Gm25470	0	0	0	0	0	0	0	1	1	0	0	0	0	0
Gm26233	3	5	4	0	0	9	1	14	3	2	0	7	0	0
mmu-mir-6370	0	0	0	0	0	0	0	0	0	0	0	0	0	0
Gm23961	386	628	651	199	1054	734	1112	613	581	496	1506	1525	215	163
Gm25942	1	2	1	2	0	1	0	0	0	0	0	0	0	0
Gm26386	78	87	116	45	64	51	63	46	37	43	142	101	13	18
Mir592	14	16	11	2	24	18	18	29	16	12	3	2	7	7
Mir129-1	157	167	36	10	64	86	35	44	64	55	18	25	17	24
Gm24303	1644	2453	2891	866	2091	1319	1557	989	1097	1015	3116	2691	500	535
Gm26220	1	0	1	0	0	0	4	0	0	0	3	3	0	0
Gm23049	83	95	129	48	76	55	68	46	46	42	147	108	22	23
Mir182	9279	9957	9470	1682	28032	14024	21930	26299	10364	15641	6803	2940	2959	4233
Mir96	1692	1492	1067	203	1918	2498	2639	3732	1526	2929	515	278	402	660
Mir183	5524	6691	4199	900	13798	9555	9881	13717	4815	9087	3335	1504	1881	2908
Mir335	441	374	329	63	794	799	871	1071	626	899	106	74	118	194
Mir29a	22985	18013	10569	2295	24540	25467	24653	35718	11944	20829	7472	3582	4041	7122
Mir29b-1	2152	1424	553	161	1667	1973	2057	2946	905	1751	427	260	341	543
Gm23053	216	282	231	62	476	325	529	289	304	242	582	682	104	73
Mir490	9	13	2	0	17	7	19	21	9	12	6	2	1	7
Gm25111	0	0	0	0	0	0	0	0	0	0	0	0	0	0
Gm25062	911	1344	1405	440	2264	1611	2488	1275	1269	1035	3443	3448	478	371
mmu-mir-7670	1	2	4	1	2	6	1	1	0	1	1	0	1	1
Gm24975	89	103	150	52	92	59	76	53	47	45	168	112	23	24
Mir704	1	15	1	2	12	14	11	10	9	18	12	9	5	7
Gm24563	1	0	1	0	0	2	3	0	0	0	3	1	1	0
Gm24325	0	0	0	0	0	0	0	0	0	0	0	0	0	0
mmu-mir-6371	0	0	0	0	0	0	0	0	0	0	0	0	0	0
Mir148a	60759	97772	26154	7668	163956	136591	98045	167808	53388	153561	61578	23939	19216	31691
Gm22914	46	72	33	6	67	46	45	21	28	28	86	67	17	9
Mir196b	43	18	11	5	7	7	13	1	14	6	4	1	7	5
Gm25458	85	89	132	50	74	51	69	51	45	45	148	106	17	20
Gm23694	2	1	1	1	0	1	0	1	0	0	1	1	0	0
Gm24096	1	2	1	1	0	1	0	0	0	1	0	1	0	0
mmu-mir-8112	14	18	1	4	18	7	11	8	9	7	12	9	5	5
Gm24370	80	87	130	48	72	47	63	48	43	43	140	106	17	20
Gm22254	3	4	1	0	0	1	1	1	0	0	0	2	0	0
mmu-mir-7040	0	0	0	0	0	1	0	2	0	2	0	0	0	0
Mir3470a	140	169	99	12	130	92	101	49	87	53	226	189	31	25
mmu-mir-6374	0	0	0	1	0	0	0	0	1	0	1	2	0	0
Gm25738	742	1094	1095	340	1859	1319	2026	1032	1032	827	2737	2796	384	302
Mir705	0	2	0	1	1	0	0	0	0	0	0	1	0	0
mmu-mir-6375	0	0	0	0	0	0	0	0	0	0	0	0	0	0
Gm22184	0	2	1	0	1	0	0	0	0	1	1	1	0	0
Gm23401	655	1001	981	290	1688	1184	1843	983	964	787	2384	2481	347	269
mmu-mir-6376	0	1	0	0	0	1	0	0	0	0	0	0	0	0
Gm24816	9	27	12	5	0	5	11	4	6	14	16	49	4	2
mmu-mir-7041	4	1	1	0	5	3	3	4	1	2	1	0	1	1
Gm23364	0	10	1	0	3	1	1	0	0	0	9	5	1	0
Gm24387	820	1206	1259	377	2033	1443	2211	1159	1121	934	2991	3063	422	331
Gm22328	0	0	0	0	1	0	1	1	0	0	1	1	1	0
mmu-mir-6373	0	1	0	0	0	0	0	0	0	0	0	0	0	0
Gm25570	24	30	22	5	42	25	49	28	34	20	49	55	3	10
AC167724.1	609	975	960	212	752	518	541	327	433	365	1276	1051	193	201
Gm23365	1137	1756	1915	562	1300	876	1002	580	713	631	2303	2014	334	351
Gm24767	0	0	0	0	0	0	0	0	0	0	0	1	0	0
mmu-mir-7660	0	0	0	0	2	0	0	0	0	0	0	0	0	0
mmu-mir-7043	30	43	21	9	64	63	23	49	25	40	28	7	14	20
Gm25535	1394	2110	2490	758	1546	1091	1232	767	875	749	2831	2423	438	432
mmu-mir-7044	0	0	0	0	2	0	0	0	0	0	0	1	0	0
Gm25953	0	0	0	0	1	1	3	0	5	0	1	7	0	0
Mir706	325	509	836	335	409	253	366	249	229	206	803	610	100	114
Gm25193	863	1260	1271	323	1192	748	910	608	655	583	1538	1297	268	284
Gm24855	1138	1691	1846	603	2807	2020	3065	1534	1518	1262	4387	4250	581	482
AC153582.1	2	3	1	3	0	1	1	2	1	3	2	1	0	1
Mir141	11740	11027	3015	1034	21974	18123	31508	31688	13500	19712	8866	3344	1907	3526
Mir200c	20841	21359	18194	2829	51095	25116	45249	39167	26996	26863	14456	6746	6285	9278
mmu-mir-7045	0	0	0	0	0	0	0	0	0	0	1	0	0	0
Mir3098	3	3	1	0	1	1	0	1	0	2	0	0	1	1
mmu-mir-8113	0	0	0	0	0	0	0	0	0	0	0	0	0	0
Gm26338	0	0	0	0	0	1	0	0	0	0	1	0	1	0
AC159305.1	17	14	7	3	43	53	1	22	2	36	7	1	4	10
mmu-mir-7649	16	16	10	3	45	60	1	26	2	40	12	0	5	15
AC142191.1	3	4	1	1	0	1	2	1	1	2	1	1	0	1
Mir680-1	0	0	1	2	0	0	0	0	0	0	0	0	0	0
Gm22190	1	2	1	5	0	1	1	1	0	3	1	1	0	0
Gm23403	2	2	1	1	0	1	0	0	0	1	1	1	0	0
Gm25019	0	2	1	1	0	1	0	0	0	0	0	0	0	0
Gm23375	23	31	64	19	11	16	19	14	19	10	26	20	7	9
Gm22892	22	16	3	1	14	11	11	8	13	12	14	25	9	6
Gm24308	2	4	0	0	1	2	0	0	2	0	3	1	1	2
Gm24307	85	97	157	50	85	53	70	57	45	44	175	107	18	20
Mir290	2	0	0	0	0	0	0	0	0	0	0	0	1	0
Mir291a	3	4	0	0	0	2	0	1	0	3	0	0	0	2
Mir292	3	5	2	0	1	2	1	2	2	3	1	0	1	1
Mir291b	1	4	1	0	0	1	0	0	0	1	0	0	0	1
Mir293	1	5	7	0	5	2	4	2	3	2	0	0	4	1
Mir294	5	1	6	0	3	1	3	1	2	3	0	1	2	3
Mir295	1	3	3	0	2	2	0	4	2	2	1	2	1	1
Gm23450	0	1	1	0	0	6	0	1	0	2	1	0	0	2
Gm25100	94	113	166	56	101	69	81	53	54	49	183	121	27	26
Mir3572	4	5	10	2	4	5	4	8	2	4	0	1	0	4
Gm25349	4	3	1	2	0	1	2	2	1	3	1	1	0	1
Gm24752	4	3	1	2	0	1	2	2	1	3	1	1	0	1
Gm24605	487	696	723	227	1187	843	1294	646	655	525	1772	1787	252	197
Gm23577	3	3	1	1	0	1	1	1	0	0	1	1	0	0
Gm26217	23	21	53	14	13	11	10	7	18	11	26	12	5	6
Mir3099	1	1	0	0	5	0	2	2	0	5	1	0	0	2
Gm23572	12	26	10	5	25	11	9	15	5	12	14	12	5	6
Mir297-1	16	10	3	2	11	8	8	2	6	10	5	1	3	0
Gm26248	94	115	123	70	83	58	59	40	30	34	137	91	13	30
Gm23087	16	10	3	2	11	8	8	2	6	10	5	1	3	0
Gm23521	0	2	1	1	0	1	0	1	0	0	0	0	0	0
Gm24520	1	2	1	1	0	1	0	1	0	0	0	1	0	0
Gm25068	2	1	1	2	0	1	0	1	0	0	1	1	0	0
Gm22414	93	107	154	56	96	71	80	52	53	49	176	118	24	28
Gm24715	620	724	1811	875	945	563	1329	972	942	837	534	453	175	370
Mir3100	1	2	1	0	1	1	3	4	0	4	0	0	0	0
Mir330	230	225	113	37	477	311	428	308	283	307	186	88	56	125
Mir343	0	0	0	0	0	0	1	0	0	0	1	1	0	0
Gm25196	2	3	0	0	1	1	0	1	0	0	0	0	0	0
Gm24012	1368	2107	2471	728	1528	1093	1166	733	847	729	2792	2392	415	411
mmu-mir-7046	1	1	0	0	2	3	1	1	1	2	0	1	0	0
mmu-mir-7047	0	0	0	1	0	0	0	0	0	0	0	0	0	0
mmu-mir-6537	0	0	1	0	0	0	1	1	0	0	0	0	0	0
mmu-mir-7048	3	1	2	0	6	5	4	3	4	5	4	1	2	0
Gm24865	38	66	90	30	30	28	32	16	29	22	74	50	5	10
Gm25947	0	0	0	0	0	0	0	1	0	0	1	0	0	0
Mir3101	1	1	0	0	1	1	0	1	1	1	0	0	0	0
Mir1191	56	58	29	11	86	71	31	63	30	61	27	24	11	28
Gm26043	820	1171	1218	376	2029	1455	2208	1126	1112	904	3017	3043	418	338
mmu-mir-7049	0	1	1	0	1	0	2	1	1	1	1	0	0	0
Mir1963	0	0	0	0	1	0	0	1	0	0	0	0	0	0
Mir1964	36	61	24	9	68	67	12	37	26	46	18	7	13	27
mmu-mir-7668	1	4	1	0	2	2	2	3	0	1	1	0	2	0
Gm23368	2148	2357	3977	572	2781	1179	2752	1496	1601	1017	976	931	504	586
mmu-mir-3569	1	1	0	0	2	2	0	0	1	3	0	0	1	0
mmu-mir-7050	0	1	4	2	1	1	0	1	0	0	0	0	0	1
Gm24766	72	99	99	49	71	54	48	36	22	31	122	83	9	22
Gm25817	72	99	99	49	71	54	48	36	22	31	122	83	9	22
Gm26443	1	2	1	1	0	1	0	1	0	0	1	0	0	0
Gm25033	6	4	0	0	2	2	9	2	0	1	2	5	2	0
Gm23292	88	100	135	49	88	61	75	51	47	44	160	111	21	25
Gm25247	16	15	14	0	9	8	15	28	21	13	31	23	12	3
AC109210.1	24	19	14	2	10	4	3	3	6	5	14	7	3	1
Gm24938	3	3	0	0	1	1	1	1	0	0	0	0	0	0
Gm23256	1	2	0	1	1	1	0	1	0	0	0	0	0	0
Gm22707	1	0	0	2	1	0	0	1	0	0	0	0	0	0
mmu-mir-7051	0	0	0	0	1	0	1	0	0	0	1	0	0	0
mmu-mir-7052	1	0	0	0	1	1	2	3	1	2	0	0	0	0
mmu-mir-7053	0	0	0	0	1	2	0	0	0	1	1	0	0	0
Mir707	0	0	0	0	1	1	2	0	0	0	0	0	1	0
mmu-mir-7054	4	4	0	0	3	2	3	4	1	1	1	3	0	0
Mir150	710	777	320	58	1578	1040	902	1343	557	761	594	385	189	263
Gm22133	37	55	126	50	16	27	12	8	29	17	44	48	15	14
mmu-mir-7056	0	0	0	0	0	0	0	0	0	0	0	0	0	0
Gm22427	0	2	1	1	0	1	0	0	0	0	1	1	0	0
mmu-mir-6238	75	99	37	4	93	33	105	36	62	30	214	261	25	25
AC161571.1	36	49	20	1	49	27	19	12	20	18	56	48	3	9
Gm25956	96	123	111	17	69	70	81	67	68	66	111	238	19	16
mmu-mir-6389	0	0	0	0	0	0	0	0	0	0	0	0	0	0
Gm25533	0	0	0	0	0	0	0	0	0	0	0	0	0	0
Gm23962	0	0	0	0	1	0	0	0	0	1	0	0	0	0
Mir344d-1	0	0	0	0	1	0	0	0	0	1	0	0	0	0
Mir344d-2	0	1	0	0	1	0	0	0	0	1	0	0	0	0
Gm23490	0	0	0	0	1	0	0	0	0	1	1	0	1	0
Gm22466	0	0	0	0	1	0	0	0	0	1	0	0	0	0
Mir344d-3	0	0	0	0	2	0	0	0	0	2	0	0	0	0
Gm23917	0	0	0	0	0	0	0	0	0	0	0	0	0	0
Mir344e	0	0	0	0	0	0	0	0	0	0	0	0	0	0
Gm24425	0	0	0	0	0	0	0	0	0	0	0	0	0	0
Gm23309	0	0	0	0	0	0	0	0	0	0	0	0	0	0
Gm23873	1	3	1	0	0	2	0	0	1	2	0	0	1	2
Mir344b	3	4	0	0	2	4	0	6	2	5	1	2	0	0
Mir344c	2	5	2	0	4	8	7	6	2	2	3	1	0	1
Mir344	1	6	2	1	5	9	8	7	2	4	3	1	0	1
Mir344-2	1	6	2	1	5	9	8	7	2	4	3	1	0	1
Mir344g	0	1	0	0	0	0	2	0	0	0	0	0	0	0
Mir344f	0	0	0	0	0	1	0	0	1	0	0	0	0	0
Gm24923	0	0	0	0	0	0	0	0	0	0	0	0	0	0
Gm26031	0	0	0	0	0	0	0	0	0	0	0	0	0	0
Mir211	870	958	271	79	1704	675	1697	1289	550	641	770	234	172	277
mmu-mir-6416	0	0	0	0	1	0	0	0	0	0	0	0	0	0
Gm25249	1	3	1	0	6	2	3	5	3	3	6	5	1	0
mmu-mir-7057	0	0	0	0	1	0	0	1	1	1	0	0	0	0
Gm23844	90	114	119	71	81	62	59	38	33	35	143	91	15	29
AC114591.1	22	21	15	3	7	4	5	2	4	4	13	12	3	1
Gm23251	1	2	1	2	0	1	0	1	0	0	1	0	0	0
Mir7-2	7535	9112	8313	1923	3351	5464	2623	3914	3582	5934	740	1108	2269	3510
Mir9-3	132	96	65	14	181	170	126	213	127	134	62	28	27	40
Gm24541	16	67	52	6	60	35	45	20	21	19	203	166	15	8
AC110903.1	0	0	0	0	0	0	0	0	0	0	0	0	0	0
Gm23192	4	2	3	1	3	1	1	2	4	3	1	3	1	1
Gm24659	1	2	1	2	0	1	1	1	0	3	2	1	0	0
Gm22171	1	2	1	2	0	1	1	1	0	3	2	1	0	0
Gm22734	569	830	882	283	1391	991	1510	759	760	617	2112	2093	292	235
Mir708	2079	1749	1215	226	4330	2535	3339	4147	2052	2723	599	410	487	847
mmu-mir-6394	0	0	1	0	0	0	0	0	0	0	0	0	0	0
Mir326	137	137	42	18	261	264	356	471	171	321	77	67	34	54
Mir3102	8	6	4	0	57	15	16	46	8	18	9	10	4	4
Mir139	4176	4619	1007	227	997	827	538	905	543	842	436	277	538	860
Gm22655	364	487	362	67	649	328	461	314	360	302	447	375	116	140
Gm25171	90	107	114	59	72	53	55	38	28	30	128	77	11	28
Gm23550	89	104	114	62	75	54	52	35	29	31	133	81	12	29
Gm25774	91	113	119	71	80	62	59	38	33	35	144	89	15	29
Gm26506	1	2	1	2	0	1	1	2	1	3	2	1	0	0
Gm24972	8	4	4	0	11	8	12	10	5	5	7	11	4	0
Gm24932	3	3	1	2	0	1	2	2	1	3	1	1	0	1
Gm25787	959	1670	1945	617	2549	1799	2769	1448	1347	1251	4061	3925	563	434
Gm23700	0	2	0	0	2	1	0	1	5	1	1	4	0	0
AC102758.1	27	22	60	20	15	13	19	6	9	10	26	32	6	8
Gm24063	1	4	4	1	2	2	6	3	7	3	7	9	1	1
mmu-mir-7058	1	0	1	0	0	1	0	0	0	0	0	1	1	0
mmu-mir-7059	0	6	2	1	4	4	4	2	1	2	1	2	0	0
mmu-mir-7060	1	2	2	1	5	0	1	0	0	0	3	3	0	1
Mir762	0	0	0	0	1	0	1	0	0	0	0	4	1	0
Mir3103	4	1	2	0	7	1	2	4	1	2	2	0	0	0
Gm24365	1170	1779	1937	501	1283	931	967	610	704	621	2296	2030	348	332
Gm25778	87	110	108	64	75	58	47	36	25	29	129	89	11	24
Gm23631	523	671	699	216	1093	804	1234	599	623	517	1629	1704	255	174
Mir1962	0	0	0	0	1	0	0	0	0	0	0	0	0	0
mmu-mir-6401	0	0	0	0	1	0	0	0	0	0	0	0	0	0
Mir202	0	4	0	0	1	1	1	1	1	0	1	0	1	0
mmu-mir-7062	5	1	0	1	0	5	0	0	2	3	0	0	0	1
Mir210	1091	1117	879	231	1492	2222	1676	1688	2079	2462	496	444	360	678
mmu-mir-7063	6	2	3	0	4	5	2	3	0	2	3	2	0	0
Mir3104	0	1	0	0	0	1	0	0	0	0	0	0	0	0
Mir675	0	0	0	0	2	1	6	0	2	4	1	6	0	0
Mir483	10	6	11	0	104	41	32	58	22	32	12	10	2	7
mmu-mir-7064	2	0	1	1	0	0	0	0	1	1	1	0	0	0
Gm22064	40	12	14	1	19	21	26	6	31	23	13	19	10	0
mmu-mir-6404	0	0	0	0	0	0	0	0	0	0	0	0	0	0
Mir3105	0	0	0	1	0	2	0	0	0	0	0	0	0	0
Gm25775	86	106	111	62	70	58	55	34	32	31	138	79	14	27
Gm24934	3	3	1	1	0	1	1	1	0	0	0	0	0	0
Gm22565	0	1	0	0	1	0	0	0	0	0	0	0	1	0
mmu-mir-7654	0	1	0	0	3	1	0	0	1	0	1	0	0	0
AC138368.1	0	0	0	2	0	2	0	0	0	1	0	1	0	0
Gm25239	4	6	3	0	2	3	2	3	4	1	11	16	1	1
Gm26483	8	8	4	0	8	4	6	4	4	5	12	10	3	0
mmu-mir-7065	4	1	2	0	2	2	3	3	2	4	3	1	2	2
Mir1968	5	1	2	0	7	8	7	6	8	8	3	1	1	6
Gm25871	1	2	1	2	0	1	1	1	0	3	2	1	0	0
Gm25255	1	2	1	2	0	1	1	1	0	3	2	1	0	0
Mir3106	0	0	0	0	0	0	0	0	0	0	0	0	0	0
AC121131.2	35	40	105	31	36	26	40	10	19	25	53	67	10	19
AC121131.1	0	1	0	0	0	0	0	0	0	0	0	1	0	0
Mir486	7829	7793	1915	385	3782	2449	5472	5096	3835	3626	1725	777	1034	1336
mmu-mir-8108	2	4	4	1	2	1	4	0	1	5	5	3	0	1
mmu-mir-6395	11	6	0	0	9	6	4	3	0	6	1	0	0	4
Gm23177	88	108	106	66	78	62	51	38	26	36	130	95	13	24
Gm22030	92	31	67	2	56	43	74	18	73	52	35	54	28	0
Mir383	3	3	1	0	8	6	10	14	3	5	1	1	0	0
mmu-mir-7666	1	1	1	0	3	4	2	0	0	1	1	0	0	2
Gm24591	13	8	3	0	4	8	14	7	22	4	4	3	4	1
Gm26241	81	91	139	48	76	52	72	53	42	44	158	103	16	18
Gm24684	556	831	869	277	1373	976	1490	782	776	636	2068	2050	288	231
Gm23812	38	49	89	33	19	29	27	20	30	21	38	29	9	13
AC107236.1	1	4	0	0	0	2	4	2	1	1	11	3	0	2
Gm25992	7	14	19	3	0	7	2	0	5	2	15	16	1	1
Mir710	0	0	0	0	0	0	0	0	0	0	0	0	0	0
Gm24333	22	20	23	6	4	21	9	13	6	7	13	13	1	5
Gm25172	539	770	824	264	1304	946	1440	720	737	578	2010	1998	277	216
mmu-mir-7066	0	0	0	0	0	0	0	0	0	0	0	0	0	0
mmu-mir-7240	0	1	0	0	3	2	0	2	0	2	0	0	0	0
mmu-mir-7067	1	4	1	4	9	3	3	2	2	3	2	1	2	2
Mir1969	2	0	1	0	4	3	0	3	1	2	0	0	0	0
AC161410.1	13	15	9	0	3	2	3	1	2	2	8	7	1	0
mmu-mir-6769b	0	0	0	0	0	1	0	0	1	0	0	1	0	0
mmu-mir-7068	7	7	1	8	6	3	2	7	2	6	2	1	0	2
Gm26282	90	111	158	54	93	68	75	54	53	49	177	118	24	27
Gm26237	950	1367	1530	384	1242	744	942	604	686	615	1749	1550	296	291
Mir28b	255	261	133	30	557	417	402	463	323	430	78	41	65	126
Gm23255	4	3	0	1	1	1	1	0	0	1	0	1	0	0
AC161214.1	19	27	15	1	33	28	33	25	28	11	43	55	10	4
Gm25733	1322	2069	2457	739	1533	1097	1182	728	845	733	2716	2363	430	425
mmu-mir-1668	1	2	3	0	2	0	2	2	0	0	2	2	1	3
mmu-mir-8111	188	254	349	118	218	139	160	73	106	104	356	326	50	52
Mir1199	0	1	0	0	0	1	2	0	1	0	1	0	0	0
Mir709	5	5	2	0	4	7	6	2	1	2	7	7	0	1
Gm25110	79	86	97	48	61	46	44	33	23	25	107	68	10	24
Mir181d	3968	4390	2406	666	15469	7387	8341	11577	4261	7467	3248	1036	1080	1922
Mir181c	1112	1017	423	116	2432	1632	2132	2258	1037	1437	622	257	221	374
Mir23a	30019	30850	22433	4570	80062	37812	67879	92553	40760	48195	16547	8006	9473	14991
Mir27a	146056	148298	60557	16185	307670	215037	244509	352258	151365	222596	68254	29388	39391	64875
Mir24-2	72951	84226	35108	8615	180828	105837	128105	140491	69984	97206	45418	21006	19138	34964
mmu-mir-7069	0	0	0	0	2	0	0	1	1	1	1	1	0	0
Gm24197	1	0	0	0	0	0	0	0	0	1	0	0	0	0
mmu-mir-7070	2	4	3	1	3	1	2	2	6	2	2	2	0	1
Gm23388	2667	5686	6283	2964	5557	2433	4917	3166	3966	3032	9467	8622	1256	2282
mmu-mir-8109	0	2	0	0	1	0	2	0	0	0	1	2	0	0
mmu-mir-7071	0	1	1	1	2	2	0	0	1	0	0	0	0	0
mmu-mir-8110	1	0	0	0	0	0	0	0	0	0	0	0	0	0
Gm22151	26	6	12	0	12	13	20	3	22	11	10	9	3	0
Gm24159	82	94	138	45	73	48	68	52	41	41	149	106	16	17
Mir138-2	312	282	205	45	336	314	811	532	539	456	131	150	66	154
mmu-mir-7072	0	0	0	0	0	2	0	0	0	0	0	0	0	0
Gm24132	387	599	608	207	930	645	992	511	502	429	1451	1466	203	155
Gm26399	4	3	1	3	0	0	2	2	1	3	1	2	0	1
Gm22715	483	682	715	230	1141	827	1271	627	636	497	1756	1765	240	191
Gm26301	0	0	0	0	0	0	0	0	0	0	0	0	0	0
AC124584.1	0	1	3	0	2	1	2	0	1	2	0	0	0	0
Mir328	815	722	275	98	1981	1047	639	1065	372	685	351	162	159	302
Mir1966	3	1	2	0	1	3	3	1	2	5	0	0	1	2
mmu-mir-7074	0	0	0	0	1	1	0	2	0	0	0	0	0	1
mmu-mir-7075	5	9	0	1	9	7	3	9	0	7	4	2	2	2
Mir140	63477	63189	31952	6499	250693	84650	149237	207806	62207	106950	40899	14017	11018	20516
Gm25850	659	962	921	278	1901	1314	1880	1291	1000	978	2202	2244	350	307
Gm23646	88	100	135	49	88	61	75	51	47	44	160	111	21	25
Gm22825	88	100	135	49	88	61	75	51	47	44	160	111	21	25
Mir3108	0	0	0	0	0	0	0	0	0	1	0	0	0	1
Gm23163	157	221	188	51	395	254	447	252	275	188	469	567	86	59
Mir3473d	32	60	40	5	46	31	33	29	32	25	33	28	9	13
Gm24103	47	34	22	5	41	31	34	16	15	14	66	50	12	9
Gm23193	575	680	1860	857	926	556	1247	919	890	801	527	430	167	353
mmu-mir-1957b	0	0	0	0	0	1	0	0	0	1	0	2	0	0
mmu-mir-7076	1	1	0	0	0	0	0	0	2	0	0	0	0	0
Gm22181	1538	2296	2600	765	1958	1245	1455	937	1068	934	2878	2494	471	499
mmu-mir-7077	0	0	2	0	1	0	0	0	0	0	0	0	0	1
mmu-mir-7078	1	0	0	0	0	0	1	1	0	0	0	0	0	0
Gm22695	1	2	0	0	3	4	0	1	1	2	3	4	0	1
mmu-mir-7687	1	1	1	1	0	0	0	2	0	2	0	0	0	3
AC124170.1	0	0	1	0	0	0	0	0	0	0	0	0	0	0
mmu-mir-7237	0	1	0	0	0	0	0	2	1	0	2	0	0	0
Gm24366	222	314	274	65	534	359	643	349	346	246	679	856	137	81
mmu-mir-6396	0	0	0	1	0	0	0	0	0	0	0	0	0	0
mmu-mir-7079	41	68	24	8	47	43	1	59	0	48	2	1	20	29
mmu-mir-7080	0	0	0	0	1	0	0	0	1	0	0	0	0	0
Mir1967	0	0	0	0	0	0	0	0	0	0	0	0	0	0
Gm22197	33	26	13	1	8	13	10	8	9	14	3	5	4	4
mmu-mir-21c	5	1	1	2	2	2	6	6	3	7	0	1	1	1
Mir1903	0	0	0	0	0	1	0	0	2	0	0	0	0	0
Gm22195	15	10	7	2	9	9	24	13	56	14	5	3	4	5
Gm23992	32	37	40	14	30	22	31	19	25	18	60	39	3	13
Gm23811	0	0	0	0	0	0	0	0	0	0	0	0	0	0
Gm23685	1	0	0	0	0	0	0	1	0	0	0	0	0	1
Mir1899	0	0	0	0	0	0	0	0	0	0	0	0	0	0
Gm26195	135	149	105	19	194	147	244	139	176	128	228	295	64	34
mmu-mir-6237	0	0	0	0	0	0	0	0	0	0	0	0	0	0
Gm24496	4	3	1	2	0	1	2	2	1	3	1	1	0	1
Gm25086	4	3	1	2	0	1	2	2	1	3	1	1	0	1
Gm22643	24	17	13	1	20	26	16	27	31	26	54	38	17	3
Gm23235	272	409	352	109	704	492	744	419	407	327	956	1014	140	105
Gm22854	495	521	639	150	745	355	783	481	492	310	433	564	135	135
Gm26231	46	51	63	17	42	32	33	31	31	23	77	52	6	11
mmu-mir-7081	1	2	0	1	5	0	2	2	2	3	1	0	2	0
Mir1900	0	0	0	0	1	0	0	0	0	0	0	0	0	0
mmu-mir-7082	1	0	0	0	0	0	0	1	0	0	0	0	0	0
Mir199a-1	70173	69691	37759	9912	203314	169632	145772	240584	99473	191316	40872	21023	21046	33837
Mir1946b	73	86	73	19	98	60	85	40	54	47	134	114	22	26
mmu-mir-7083	3	6	2	0	16	6	3	8	7	6	4	0	4	1
mmu-mir-7084	1	0	0	0	1	1	1	1	1	2	0	0	0	2
Gm26190	90	109	117	67	80	58	56	38	29	34	132	87	13	27
Gm25529	796	1187	1203	366	2022	1423	2198	1141	1137	916	2952	3010	415	332
Gm25032	18	29	57	14	10	12	12	9	18	9	18	13	6	6
Mir100	53760	82189	23941	6521	206561	123839	83108	153159	49788	104341	52421	17123	15001	25992
Mirlet7a-2	273539	312983	128789	34899	527790	375484	376090	542490	185313	344492	114658	45726	70107	111688
Mir125b-1	43910	37644	22203	4375	148310	60509	48575	86631	29636	51833	21244	6159	10127	17078
Gm23526	670	793	2113	1018	1044	638	1379	1038	999	922	636	547	197	412
mmu-mir-7085	0	1	0	0	0	0	0	0	0	1	0	1	0	1
mmu-mir-7086	0	1	0	1	1	6	0	1	0	0	1	0	1	2
mmu-mir-7087	0	0	1	0	0	1	0	0	1	1	1	0	0	0
Gm23653	615	926	987	316	1467	1050	1675	823	824	675	2350	2351	322	253
Mir34c	725	793	712	142	829	1720	697	1205	1447	1766	183	372	304	441
Mir34b	694	762	688	139	810	1674	655	1150	1401	1682	167	370	303	436
CT009732.1	0	1	0	0	0	0	1	2	1	1	0	0	0	0
mmu-mir-6244	0	0	1	0	0	0	0	0	0	1	1	0	2	1
mmu-mir-130c	0	0	0	2	3	1	2	1	0	4	3	2	0	0
Gm22872	0	0	0	0	0	0	1	0	1	2	0	0	0	0
Gm24270	5160	10424	14425	8722	9362	3903	9622	6273	7278	5433	19634	15952	2433	4541
mmu-mir-6385	0	0	0	0	0	0	0	0	0	0	0	0	0	0
Mir5133	0	0	0	0	1	2	0	1	0	1	1	2	1	1
Gm25603	4	8	2	2	2	4	8	0	5	3	5	7	2	4
Gm24106	3	5	4	0	7	1	6	2	1	2	3	7	0	0
Gm25640	1062	1548	1703	418	1162	829	877	553	639	574	2043	1876	319	303
Mir190	44	38	39	10	38	80	107	102	67	90	13	18	11	18
mmu-mir-7241	0	0	0	0	0	0	0	0	0	0	0	0	0	0
mmu-mir-7242	0	0	0	0	0	0	0	0	0	0	0	0	0	0
Mir3109	6	11	2	1	20	7	5	12	7	7	5	2	2	2
Gm23728	280	391	364	112	692	495	749	389	387	310	995	1039	144	106
Gm25590	0	0	2	0	0	0	0	0	0	0	0	1	0	0
Gm25149	0	0	0	1	0	0	0	0	0	0	0	0	0	0
Gm26266	1696	2510	3026	916	2124	1358	1639	1029	1161	1022	3222	2773	524	564
AC158997.1	0	0	0	0	0	0	0	1	0	1	0	0	0	0
Gm25250	498	743	783	245	1271	897	1362	704	680	567	1881	1868	260	203
Gm26377	155	188	393	211	228	141	285	166	212	174	257	214	53	89
Mir184	8	11	11	8	61	78	119	91	52	70	53	43	8	14
mmu-mir-6386	2	3	0	1	1	0	1	0	1	0	1	1	1	0
mmu-mir-7656	0	2	0	0	0	1	6	3	1	2	3	0	1	0
mmu-mir-7243	0	0	0	0	0	0	0	0	0	0	0	0	0	0
Mir2136	0	1	0	0	0	0	0	0	0	0	1	0	0	0
Gm23391	0	3	3	1	1	1	4	1	3	3	6	3	2	1
Mir135a-1	79	81	49	8	18	33	176	34	47	19	30	19	12	22
Mirlet7g	236130	278587	128844	33147	388660	324261	302857	418139	170302	298579	97707	44983	63026	99306
Gm22238	0	0	0	0	0	0	0	0	0	0	0	0	0	0
mmu-mir-7088	0	0	0	1	0	2	1	1	1	5	1	0	0	2
Gm24083	18305	16561	12451	2533	30268	19988	12463	21683	9219	15939	5438	2186	4147	6984
Mir425	881	822	372	77	772	803	714	857	580	821	194	193	150	310
Gm26298	78	93	101	61	71	52	50	32	29	32	121	79	11	24
Gm23156	0	2	0	0	0	0	0	2	0	0	0	0	0	0
Mir711	0	1	1	0	2	0	0	0	0	0	0	1	0	0
mmu-mir-7089	2	0	0	0	1	2	2	1	0	0	1	0	1	0
mmu-mir-6236	9262	15344	26163	10544	16777	9236	12023	7902	10404	7296	24662	27279	3188	4882
mmu-mir-8107	0	1	0	0	1	0	0	0	0	2	1	0	0	0
Gm24269	34	43	20	3	23	19	29	11	19	11	37	38	9	6
Mir128-2	2213	3439	904	268	3566	3394	1681	3402	1324	2487	2135	410	556	1053
AC113095.1	18	13	12	2	6	3	7	2	3	3	10	7	2	1
Mir467h	94	74	30	2	33	43	24	55	41	69	6	13	14	14
Gm26303	187	148	60	4	61	82	47	109	81	137	10	27	28	27
Gm25510	155	126	47	4	49	67	36	88	69	115	9	26	23	22
Gm22243	23	28	15	1	32	26	33	28	30	26	15	34	8	6
Gm22008	590	878	877	282	1492	1039	1616	845	814	683	2193	2226	312	241
Mir26a-1	111363	109861	43516	11217	219995	161015	163787	301974	84844	169130	73808	23604	25306	41618
mmu-mir-8106	4	1	0	2	0	2	0	5	0	4	0	0	0	0
Mir138-1	329	310	234	56	347	336	858	572	572	483	142	157	80	171
CR524822.1	0	0	0	0	0	0	0	0	0	0	0	0	0	0
CAAA01098150.1	0	0	0	0	0	0	0	0	0	0	0	0	0	0
CAAA01064564.1	0	0	0	0	0	0	0	0	0	0	0	0	0	0
CAAA01205117.2	0	0	0	0	0	0	0	0	0	0	0	0	0	0
CAAA01205117.1	0	0	0	0	0	0	0	0	0	0	0	0	0	0
AC109138.1	0	0	0	0	0	0	0	0	0	0	0	0	0	0
mmu-mir-1306	0	0	0	0	0	0	0	0	0	0	0	0	0	0
AC084822.2	0	0	0	0	0	0	0	0	0	0	0	0	0	0
mmu-mir-185	0	0	0	0	0	0	0	0	0	0	0	0	0	0
AC084822.1	0	0	0	0	0	0	0	0	0	0	0	0	0	0
AC245272.3	0	0	0	0	0	0	0	0	0	0	0	0	0	0
mmu-mir-290b	0	0	0	0	0	0	0	0	0	0	0	0	0	0
mmu-mir-291a	0	0	0	0	0	0	0	0	0	0	0	0	0	0
mmu-mir-292b	0	0	0	0	0	0	0	0	0	0	0	0	0	0
mmu-mir-291b	0	0	0	0	0	0	0	0	0	0	0	0	0	0
mmu-mir-293	0	0	0	0	0	0	0	0	0	0	0	0	0	0
mmu-mir-294	0	0	0	0	0	0	0	0	0	0	0	0	0	0
mmu-mir-295	0	0	0	0	0	0	0	0	0	0	0	0	0	0
AC217111.1	0	0	0	0	0	0	0	0	0	0	0	0	0	0
mmu-mir-673	0	0	0	0	0	0	0	0	0	0	0	0	0	0
mmu-mir-493	0	0	0	0	0	0	0	0	0	0	0	0	0	0
mmu-mir-3544	0	0	0	0	0	0	0	0	0	0	0	0	0	0
mmu-mir-540	0	0	0	0	0	0	0	0	0	0	0	0	0	0
mmu-mir-665	0	0	0	0	0	0	0	0	0	0	0	0	0	0
mmu-mir-3070a	0	0	0	0	0	0	0	0	0	0	0	0	0	0
mmu-mir-3070b	0	0	0	0	0	0	0	0	0	0	0	0	0	0
mmu-mir-431	0	0	0	0	0	0	0	0	0	0	0	0	0	0
mmu-mir-433	0	0	0	0	0	0	0	0	0	0	0	0	0	0
mmu-mir-127	0	0	0	0	0	0	0	0	0	0	0	0	0	0
mmu-mir-434	0	0	0	0	0	0	0	0	0	0	0	0	0	0
mmu-mir-432	0	0	0	0	0	0	0	0	0	0	0	0	0	0
mmu-mir-3071	0	0	0	0	0	0	0	0	0	0	0	0	0	0
mmu-mir-341	0	0	0	0	0	0	0	0	0	0	0	0	0	0
mmu-mir-1188	0	0	0	0	0	0	0	0	0	0	0	0	0	0
AC152063.2	0	0	0	0	0	0	0	0	0	0	0	0	0	0
mmu-mir-370	0	0	0	0	0	0	0	0	0	0	0	0	0	0
mmu-mir-882	0	0	0	0	0	0	0	0	0	0	0	0	0	0
BX465866.1	27	28	69	22	20	19	31	5	15	22	36	49	6	13
Mir500	100	102	38	10	148	141	249	252	121	177	44	43	24	42
Mir501	572	641	554	110	1064	1097	675	938	559	906	271	171	241	367
Mir362	908	725	825	150	814	1048	1127	1364	1071	1161	125	118	297	405
Mir188	24	32	17	5	14	41	31	25	39	43	9	13	13	16
Mir532	2252	3165	1076	351	3300	4160	2025	3535	2075	3589	1239	807	714	1265
Mir1198	369	415	161	42	531	371	297	396	196	286	140	97	94	141
Gm25063	785	1159	1232	398	1981	1368	2110	1102	1055	900	2925	2955	407	326
Gm25246	0	2	4	0	2	0	0	0	1	2	1	0	0	0
Gm22464	55	53	83	28	66	38	42	36	33	30	99	69	8	14
Mir221	6187	5101	3174	725	8090	6128	4754	7365	3088	5788	1501	729	1514	2419
Mir222	1745	2012	1272	299	2722	2397	1929	2511	1338	2174	570	401	538	978
Gm24824	36	39	33	11	32	22	37	6	23	18	46	51	16	11
Gm25192	0	0	0	0	1	0	0	0	0	1	1	0	0	0
Gm25299	56	56	77	30	50	31	45	33	25	31	96	74	12	15
Gm22930	247	369	307	82	601	404	712	374	399	280	841	961	135	100
AL672071.1	22	13	14	1	10	3	6	2	4	6	10	9	2	2
AL672071.2	16	8	9	1	5	3	6	1	3	6	8	9	1	2
CR556706.1	22	18	24	2	13	4	7	5	4	4	19	12	3	1
Gm26302	438	644	655	201	1099	760	1209	628	634	500	1610	1655	226	180
BX322592.1	28	21	23	7	12	6	8	4	7	9	17	15	3	3
Mir3110	10	8	9	9	11	9	6	9	6	13	0	1	5	1
Gm25642	0	1	1	0	0	0	0	0	0	0	0	0	0	0
Gm26194	45	57	89	32	71	37	59	37	25	30	88	53	18	17
Gm22413	0	0	1	0	0	0	0	0	0	0	0	0	0	0
AL669901.1	5	3	2	0	6	2	5	3	2	1	7	5	0	3
Gm23417	34	28	27	10	13	28	14	13	11	10	18	20	7	4
Mir717	0	0	0	0	0	0	0	0	0	0	0	0	0	0
Mir363	50	56	22	1	31	35	17	28	15	32	1	2	7	9
Mir92-2	14680	11960	5450	1469	19158	14078	11049	17629	7916	14298	3880	2069	3366	5141
Mir19b-2	3405	2484	3411	663	2750	3145	3255	4117	2102	3084	441	337	509	904
Mir20b	6635	3958	4102	558	5924	3881	4898	5158	4164	4097	592	443	1114	1656
Mir18b	253	244	190	21	144	282	160	151	201	265	24	61	59	106
Mir106a	8291	5253	5621	781	7520	5279	6061	6906	5358	5584	799	669	1581	2253
Mir450b	271	236	63	7	118	127	101	132	94	163	34	14	34	50
Mir450-1	764	718	206	50	593	617	559	820	385	670	183	67	106	173
Mir450-2	676	646	179	48	515	564	507	752	355	626	168	64	94	154
Mir542	226	241	91	17	256	179	363	507	229	243	29	16	34	49
Mir351	378	426	502	103	1491	1154	713	902	614	889	300	112	188	317
Mir503	344	245	167	18	204	288	206	204	356	328	33	21	58	98
Mir322	823	727	454	89	1706	1075	1183	1376	1026	1116	301	163	195	266
Gm22103	89	109	116	66	75	59	56	36	32	34	145	85	15	28
Mir5116	2	3	3	1	2	2	4	1	1	1	3	1	3	0
Mir504	21	14	2	1	53	43	27	55	16	36	13	7	3	14
Mir505	12	12	10	1	12	11	12	18	10	16	4	3	4	1
Mir743	0	0	0	0	1	0	1	0	0	0	0	0	0	0
Mir743b	1	1	0	0	0	0	3	0	0	1	0	0	0	0
Mir742	0	0	0	0	0	0	2	0	0	0	1	0	0	0
Mir883a	0	0	1	0	0	0	1	0	0	0	0	0	0	0
Mir883b	0	0	1	0	0	0	0	0	0	0	0	0	0	0
Mir471	0	0	0	0	1	0	1	1	0	0	0	0	0	0
Mir741	0	1	1	0	1	2	2	3	0	3	1	0	0	0
Mir463	0	1	0	0	0	0	0	0	0	0	0	0	0	0
Mir880	0	0	2	0	2	0	2	2	0	0	0	0	0	1
Mir878	0	0	0	0	1	0	0	1	0	0	0	0	0	0
Mir881	2	3	2	0	3	7	7	3	6	6	3	1	1	0
Mir871	0	0	0	0	3	0	2	0	0	0	0	0	0	0
Mir470	0	0	0	0	1	1	0	4	1	1	0	0	1	1
Mir465c-1	0	5	0	0	8	3	5	10	0	2	2	0	0	1
Mir465b-1	0	5	0	0	7	3	2	8	0	2	1	0	0	1
Mir465c-2	0	5	0	0	8	3	5	10	0	2	2	0	0	1
Mir465b-2	0	5	0	0	7	3	2	8	0	2	1	0	0	1
Mir465	1	2	0	0	2	2	4	7	0	1	0	0	0	0
Mir201	0	0	0	0	2	0	4	1	2	0	0	0	0	0
Mir547	4	4	0	2	8	4	12	15	5	7	0	1	0	1
Gm22487	697	1089	1213	383	1760	1253	1898	992	974	839	2692	2647	371	293
Gm23945	35	42	35	7	32	29	39	14	33	20	71	70	11	9
Mir224	80	67	46	12	379	341	111	330	86	292	49	19	31	53
Mir452	21	24	19	3	55	32	53	68	26	59	7	1	5	3
Mir767	0	0	0	0	0	0	0	0	0	0	0	0	0	0
Mir105	0	0	0	0	0	0	0	0	0	0	0	0	0	0
Mir2137	25	30	5	2	14	3	39	21	27	12	31	33	2	9
Mir5132	2	1	0	0	5	9	4	3	6	3	3	1	2	0
Mir718	0	0	0	0	0	0	0	0	0	0	0	0	0	0
mmu-mir-7091	8	11	5	5	19	14	17	19	12	16	7	7	2	5
Gm23556	0	0	0	0	0	0	0	0	0	0	0	0	0	0
Mir1906-2	3	5	12	4	10	2	7	3	7	6	6	4	2	3
Gm24835	8	6	1	1	1	2	6	15	26	2	3	7	2	0
Gm24973	88	100	135	49	88	61	75	51	47	44	160	111	21	25
mmu-mir-7673	2	1	1	0	0	0	0	2	0	0	1	0	1	0
Mir223	27459	14529	8101	1554	1278	2200	1700	1501	2857	2245	426	577	2854	3678
AL672224.1	0	1	0	0	1	0	0	0	0	0	0	0	0	0
Mir676	821	784	329	90	1710	1053	1088	1471	514	1003	429	148	207	328
AL808026.1	0	0	0	0	0	0	0	0	0	0	0	0	0	0
Gm26318	832	1246	1207	256	1209	741	815	559	642	596	1494	1264	253	306
Mir421	166	180	178	31	314	231	292	290	162	233	62	53	54	116
Mir374	1591	1058	905	174	2428	1718	2362	3188	1759	2360	366	253	391	630
Gm24993	0	0	0	0	0	0	0	0	0	0	0	0	0	0
Mir672	11	20	13	5	82	54	29	48	21	52	9	8	9	18
Mir384	8	5	3	1	9	9	11	16	8	16	10	2	1	9
Mir325	0	2	2	0	3	2	2	3	2	1	3	2	0	0
mmu-mir-6382	0	0	0	0	0	0	0	1	0	0	0	0	0	0
AL807795.1	0	0	0	0	0	0	0	1	0	0	0	0	0	0
Gm22102	93	112	122	69	81	57	57	39	30	34	136	88	12	29
Gm23029	742	1113	1120	336	1879	1320	2070	1092	1065	858	2734	2828	388	301
Mir361	1208	1163	653	143	1623	1322	1233	1566	886	1369	427	216	286	478
Gm24683	351	566	535	150	904	624	1011	552	517	450	1246	1386	203	155
Gm26475	81	97	105	62	72	52	48	35	24	29	118	78	12	27
Gm26209	4	3	1	1	0	1	1	1	0	0	0	1	0	0
Mir3112	6	3	2	0	6	5	2	1	2	2	1	0	0	2
mmu-mir-7093	1	1	1	0	5	1	2	1	0	3	1	0	3	1
Mir1970	3	1	3	1	2	2	3	1	4	0	0	1	1	0
mmu-mir-6383	0	0	0	0	0	0	0	0	0	0	0	0	0	0
Mir3475	1	4	1	1	8	7	5	6	3	4	3	0	0	3
Mir652	2698	2324	744	194	2750	1907	2879	4095	1725	2347	534	429	511	680
Mir680-2	1	2	1	3	0	1	1	1	0	2	0	1	0	0
Mir3472	70	91	156	54	124	50	110	53	43	52	137	76	27	22
Gm22650	0	0	0	0	0	0	0	0	0	0	0	0	0	0
Mir764	0	0	0	0	0	0	0	0	0	0	0	0	0	0
Mir1912	0	0	0	0	0	0	0	0	0	0	0	0	0	0
Mir1264	0	0	1	0	0	0	0	0	0	1	0	0	0	1
Mir1298	0	0	0	0	0	0	1	2	2	0	0	0	0	0
Gm24627	0	0	0	0	0	0	0	0	0	0	1	0	0	0
Mir448	0	0	0	0	0	0	0	0	0	0	0	0	0	0
mmu-mir-3620	1	3	0	0	1	0	4	0	1	1	0	2	0	0
Mir3113	0	0	2	0	0	1	0	0	0	0	0	0	0	0
Mirlet7f-2	249686	289663	119469	31976	462593	337481	331049	476222	166190	308381	103488	41615	64073	101613
Mir98	63742	70036	26874	7926	169155	101386	101954	143434	48007	84328	31268	10885	16547	27471
Gm23798	84	98	134	50	87	62	69	46	46	45	158	108	22	26
Mir3473	89	97	156	60	86	41	64	41	48	31	130	118	21	25
Gm22368	2	1	2	1	0	1	0	0	2	0	4	5	0	1
Gm22119	309	446	428	126	752	530	851	430	439	340	1105	1158	165	121
AC132591.1	5	4	1	1	0	1	2	2	1	2	1	1	0	1
AC201846.1	2	2	1	1	0	1	1	1	1	2	1	1	0	1
AC144854.1	3	3	1	3	0	1	2	2	1	3	1	1	0	1
AC144854.2	3	3	1	3	0	1	2	2	1	3	1	1	0	1
